-242.792,40.576,977.296,0.0,172.0,1016.0,-304.0,-36.0,0.0,13.483648,11.153792,12.388512,2016.187371,304.0,208.0,1016.0,-1260.664,-693.928,1179.512,-10.058656,-14.718368,-12.248928,-920.0,-1112.0,504.0,0.0,17.0,0.0,0,sitting
-270.652,40.028,970.552,0.0,116.0,1012.0,-340.0,-20.0,0.0,10.367312,11.538888,12.500128,2017.16009403,340.0,136.0,1012.0,-1281.232,-659.872,1201.176,-13.671704,-11.328552,-9.406072,-808.0,-1216.0,536.0,0.0,25.0,0.0,0,sitting
-247.872,75.908,963.276,236.0,392.0,1184.0,-424.0,-60.0,0.0,49.695808,54.33648,29.904096,2011.49432808,660.0,452.0,1184.0,-1287.056,-639.496,1135.24,-34.544768,-25.263424,-74.128192,-976.0,-1392.0,72.0,3.0,23.0,0.0,0,sitting
-34.132,113.476,986.76,216.0,376.0,1120.0,-436.0,-344.0,0.0,73.882872,85.821184,31.95448,2014.84762094,652.0,720.0,1120.0,-1134.368,-839.152,907.416,-43.892792,-20.016168,-127.749576,-1188.0,-1052.0,-252.0,39.0,11.0,0.0,0,sitting
-241.348,60.8,972.58,16.0,664.0,1096.0,-408.0,-600.0,0.0,17.08192,37.6544,15.8018,2019.5452633,424.0,1264.0,1096.0,-1274.728,-670.432,1153.128,-36.37428,4.77068,-38.93452,-1936.0,-256.0,-592.0,0.0,3.0,0.0,0,sitting
-248.112,71.384,971.908,0.0,156.0,1024.0,-292.0,0.0,0.0,9.362528,11.483136,12.198304,2011.61974807,292.0,156.0,1024.0,-1291.404,-652.412,1148.636,-14.318912,-10.077696,-8.64736,-888.0,-1160.0,576.0,0.0,2.0,0.0,0,sitting
-243.556,59.996,974.336,0.0,116.0,1016.0,-288.0,0.0,0.0,8.413736,9.300288,12.173184,2012.45878408,288.0,116.0,1016.0,-1277.888,-670.784,1157.896,-13.059736,-11.286632,-5.54084,-844.0,-1188.0,612.0,0.0,0.0,0.0,0,sitting
-234.544,101.944,969.356,0.0,148.0,1008.0,-280.0,0.0,0.0,10.046496,13.371056,12.748816,2005.43862757,280.0,148.0,1008.0,-1305.844,-632.868,1101.956,-16.073376,-9.424256,-10.668736,-876.0,-1140.0,580.0,0.0,0.0,0.0,0,sitting
-237.396,87.468,970.316,0.0,180.0,1008.0,-332.0,-52.0,0.0,12.467464,16.237576,12.710944,2006.19444728,332.0,232.0,1008.0,-1295.18,-645.452,1120.244,-16.481056,-8.940832,-15.994096,-908.0,-1108.0,444.0,0.0,2.0,0.0,0,sitting
-236.8,79.388,972.956,0.0,132.0,1016.0,-268.0,0.0,0.0,8.9984,12.224456,11.865888,2009.32075371,268.0,132.0,1016.0,-1289.144,-656.768,1130.368,-15.091944,-8.639832,-9.356968,-880.0,-1152.0,616.0,0.0,0.0,0.0,0,sitting
-245.872,76.804,970.8,0.0,124.0,1016.0,-300.0,0.0,0.0,10.293952,15.389648,12.1296,2009.29503045,300.0,124.0,1016.0,-1293.476,-648.124,1139.868,-17.225296,-7.033904,-13.554,-840.0,-1192.0,592.0,0.0,2.0,0.0,0,sitting
-250.288,99.544,966.032,0.0,164.0,1008.0,-296.0,0.0,0.0,11.460576,16.672784,12.091424,2006.4538032,296.0,164.0,1008.0,-1315.864,-616.2,1116.776,-17.303632,-6.879216,-16.041936,-876.0,-1140.0,548.0,0.0,0.0,0.0,0,sitting
-247.152,110.672,964.32,0.0,172.0,1008.0,-320.0,-12.0,0.0,11.1864,14.420608,12.72512,2003.78978481,320.0,184.0,1008.0,-1322.144,-606.496,1100.8,-15.959328,-9.490912,-12.881888,-872.0,-1144.0,504.0,0.0,2.0,0.0,0,sitting
109.448,-261.08,809.676,860.0,356.0,1192.0,-292.0,-1228.0,0.0,280.223744,401.78856,179.265896,2039.36000755,1152.0,1584.0,1192.0,-439.148,-1180.204,961.308,-300.830712,-57.70108,-502.746408,-1624.0,-760.0,-1544.0,3.0,6.0,0.0,0,sitting
-404.06,-234.888,832.48,188.0,500.0,1264.0,-892.0,-764.0,0.0,161.26156,182.232,131.2944,2018.28236318,1080.0,1264.0,1264.0,-1001.652,-663.308,1471.428,-152.26484,-110.32396,-212.19916,-1448.0,-1080.0,-1080.0,2.0,12.0,0.0,0,sitting
-502.66,-259.32,794.392,40.0,148.0,1116.0,-896.0,-788.0,0.0,156.71072,134.33064,130.067376,2033.66190403,936.0,936.0,1116.0,-1037.732,-551.052,1556.372,-107.687296,-152.447456,-160.973984,-1116.0,-1116.0,-756.0,2.0,11.0,0.0,0,sitting
-504.256,-816.348,236.784,0.0,0.0,804.0,-856.0,-1052.0,-68.0,53.081792,79.49996,122.144608,2019.19055212,856.0,1052.0,872.0,75.308,-548.876,1557.388,-148.562776,-95.72644,-10.437144,-1068.0,-676.0,-1036.0,0.0,0.0,19.0,0,sitting
-482.772,-856.828,110.284,0.0,0.0,716.0,-596.0,-1016.0,-216.0,27.971928,60.797,159.573912,2024.0537902,596.0,1016.0,932.0,263.772,-484.34,1449.884,-192.398984,-126.74884,70.804984,-1352.0,-512.0,-680.0,0.0,0.0,17.0,0,sitting
-451.076,-872.66,121.892,0.0,0.0,704.0,-600.0,-1120.0,-276.0,34.916,73.84024,130.63408,2021.77454276,600.0,1120.0,980.0,299.692,-543.476,1445.628,-169.55832,-91.70984,21.87784,-1500.0,-460.0,-740.0,0.0,0.0,30.0,0,sitting
-446.428,-857.424,85.488,0.0,0.0,628.0,-584.0,-1024.0,-420.0,25.95656,57.058976,247.137664,2023.96789742,584.0,1024.0,1048.0,325.508,-496.484,1389.34,-278.24008,-216.035248,164.122128,-1488.0,-608.0,-560.0,0.0,0.0,6.0,0,sitting
-445.952,-714.156,488.892,0.0,0.0,868.0,-620.0,-1144.0,-80.0,36.03648,107.058528,165.907832,2013.72976036,620.0,1144.0,948.0,-220.688,-757.096,1649.0,-236.92988,-94.885784,22.812824,-1472.0,-424.0,-816.0,0.0,0.0,10.0,0,sitting
-491.312,-694.64,467.308,0.0,92.0,860.0,-860.0,-1148.0,0.0,116.466272,177.20048,172.517112,2038.07938419,860.0,1240.0,860.0,-263.98,-670.636,1653.26,-233.25132,-111.782904,-121.14964,-1240.0,-480.0,-1240.0,0.0,1.0,0.0,0,sitting
-488.924,126.76,774.06,0.0,496.0,1112.0,-840.0,-452.0,0.0,222.259416,157.22128,217.58804,1991.05417712,840.0,948.0,1112.0,-1389.744,-158.376,1136.224,-152.549904,-282.626176,-161.892656,-1220.0,-1004.0,-676.0,0.0,26.0,0.0,0,sitting
-279.48,35.488,965.996,0.0,72.0,1016.0,-320.0,0.0,0.0,9.30624,8.074816,12.11196,2012.68155576,320.0,72.0,1016.0,-1280.964,-651.028,1209.988,-10.880536,-13.343384,-5.269096,-768.0,-1264.0,624.0,0.0,27.0,0.0,0,sitting
-276.06,42.952,968.44,0.0,72.0,1016.0,-316.0,0.0,0.0,8.55712,6.655648,12.01384,2016.03667488,316.0,72.0,1016.0,-1287.452,-649.428,1201.548,-10.112368,-13.915312,-3.198928,-772.0,-1260.0,628.0,0.0,5.0,0.0,0,sitting
-274.948,44.452,968.552,0.0,68.0,1012.0,-304.0,0.0,0.0,8.371096,5.492864,11.556976,2015.75983456,304.0,68.0,1012.0,-1287.952,-649.152,1199.048,-8.678744,-14.435208,-2.306984,-776.0,-1248.0,640.0,0.0,0.0,0.0,0,sitting
-275.836,42.088,969.996,0.0,68.0,1016.0,-308.0,0.0,0.0,7.997584,5.373584,12.304072,2018.82213099,308.0,68.0,1016.0,-1287.92,-652.072,1203.744,-9.680072,-14.928072,-1.067096,-776.0,-1256.0,640.0,0.0,0.0,0.0,0,sitting
-276.084,39.396,968.356,0.0,64.0,1016.0,-304.0,0.0,0.0,7.864936,5.61264,11.634072,2015.59928065,304.0,64.0,1016.0,-1283.836,-652.876,1205.044,-9.381776,-13.886368,-1.843504,-776.0,-1256.0,648.0,0.0,0.0,0.0,0,sitting
-278.068,38.048,967.94,0.0,80.0,1016.0,-312.0,-8.0,0.0,8.434368,6.750784,11.66564,2015.80375231,312.0,88.0,1016.0,-1284.056,-651.824,1207.96,-9.982056,-13.349224,-3.519512,-792.0,-1240.0,616.0,0.0,13.0,0.0,0,sitting
-276.752,41.968,967.684,0.0,64.0,1008.0,-308.0,0.0,0.0,7.943712,5.64304,11.566976,2014.84665732,308.0,64.0,1008.0,-1286.404,-648.964,1202.468,-9.266304,-13.867648,-2.019776,-764.0,-1252.0,636.0,0.0,2.0,0.0,0,sitting
-286.136,26.412,965.544,0.0,76.0,1016.0,-344.0,-48.0,0.0,11.522416,19.27216,12.368704,2015.59082277,344.0,124.0,1016.0,-1278.092,-652.996,1225.268,-20.118448,-4.61896,-18.425872,-796.0,-1236.0,548.0,0.0,11.0,0.0,0,sitting
-297.528,19.656,963.424,0.0,56.0,1000.0,-336.0,-28.0,0.0,10.530064,9.93168,11.824448,2017.34603791,336.0,84.0,1000.0,-1280.608,-646.24,1241.296,-11.226064,-12.422832,-8.637296,-748.0,-1252.0,580.0,0.0,84.0,0.0,0,sitting
-293.568,30.764,963.572,0.0,52.0,1004.0,-332.0,0.0,0.0,7.666944,5.621712,11.991656,2015.69127017,332.0,52.0,1004.0,-1287.904,-639.24,1226.376,-9.946424,-14.036888,-1.297,-724.0,-1284.0,620.0,0.0,38.0,0.0,0,sitting
-290.92,37.608,963.828,0.0,100.0,1012.0,-324.0,0.0,0.0,8.64248,7.727712,12.24976,2015.21416115,324.0,100.0,1012.0,-1292.356,-635.3,1217.14,-11.334992,-13.164528,-4.120432,-788.0,-1236.0,588.0,0.0,3.0,0.0,0,sitting
-278.272,38.984,967.264,0.0,100.0,1020.0,-316.0,0.0,0.0,9.886208,9.348192,11.940608,2014.77451859,316.0,100.0,1020.0,-1284.52,-650.008,1206.552,-11.402592,-12.478624,-7.293792,-804.0,-1236.0,604.0,0.0,22.0,0.0,0,sitting
-280.26,37.284,968.264,0.0,64.0,1012.0,-312.0,0.0,0.0,8.16684,5.927856,11.726176,2017.53732549,312.0,64.0,1012.0,-1285.808,-650.72,1211.24,-9.487192,-13.96516,-2.36852,-764.0,-1260.0,636.0,0.0,7.0,0.0,0,sitting
-279.856,36.744,966.152,0.0,64.0,1004.0,-316.0,0.0,0.0,7.845888,6.412064,11.636912,2013.26814449,316.0,64.0,1004.0,-1282.752,-649.552,1209.264,-10.203088,-13.070736,-2.62104,-752.0,-1256.0,624.0,0.0,13.0,0.0,0,sitting
-280.352,40.396,966.856,0.0,104.0,1008.0,-320.0,0.0,0.0,8.577984,7.778408,11.750944,2015.16434111,320.0,104.0,1008.0,-1287.604,-646.108,1206.812,-10.951368,-12.55052,-4.605448,-792.0,-1224.0,584.0,0.0,5.0,0.0,0,sitting
-280.364,38.496,967.168,0.0,64.0,1008.0,-308.0,0.0,0.0,8.376416,6.453056,11.84256,2015.58006905,308.0,64.0,1008.0,-1286.028,-648.308,1209.036,-9.9192,-13.76592,-2.986912,-764.0,-1252.0,636.0,0.0,2.0,0.0,0,sitting
-281.224,37.372,966.66,0.0,64.0,1008.0,-316.0,0.0,0.0,8.382512,6.650456,11.50036,2015.01781475,316.0,64.0,1008.0,-1285.256,-648.064,1210.512,-9.768304,-13.232416,-3.532608,-756.0,-1260.0,628.0,0.0,8.0,0.0,0,sitting
-279.364,38.28,968.564,0.0,64.0,1012.0,-312.0,0.0,0.0,7.543584,6.35104,11.938456,2017.70329947,312.0,64.0,1012.0,-1286.208,-650.92,1209.648,-10.745912,-13.131,-1.956168,-764.0,-1260.0,636.0,0.0,8.0,0.0,0,sitting
-281.652,39.072,967.152,0.0,72.0,1008.0,-316.0,0.0,0.0,8.177216,6.407936,12.09936,2016.37716238,316.0,72.0,1008.0,-1287.876,-646.428,1209.732,-10.33008,-13.86864,-2.485792,-764.0,-1252.0,620.0,0.0,7.0,0.0,0,sitting
-286.692,30.32,965.908,0.0,124.0,1012.0,-336.0,-40.0,0.0,11.410936,17.44976,12.297656,2016.73768232,336.0,164.0,1012.0,-1282.92,-648.896,1222.28,-18.33648,-6.258832,-16.56304,-840.0,-1184.0,512.0,0.0,62.0,0.0,0,sitting
-284.184,33.728,966.364,0.0,88.0,1008.0,-328.0,0.0,0.0,9.49592,7.977344,11.976352,2015.96140589,328.0,88.0,1008.0,-1284.276,-648.452,1216.82,-10.457776,-13.494928,-5.496912,-768.0,-1248.0,592.0,0.0,24.0,0.0,0,sitting
-283.588,38.36,966.004,0.0,72.0,1012.0,-320.0,0.0,0.0,8.29344,8.57928,12.363952,2015.25615214,320.0,72.0,1012.0,-1287.952,-644.056,1211.232,-12.649792,-12.078112,-4.508768,-764.0,-1260.0,620.0,0.0,21.0,0.0,0,sitting
-185.364,-4.08,964.944,228.0,268.0,1288.0,-752.0,-1140.0,0.0,151.098616,90.44608,53.427136,2016.69613028,980.0,1408.0,1288.0,-1146.228,-783.66,1154.388,7.2254,-114.079672,-188.11756,-1716.0,-860.0,-1100.0,13.0,26.0,0.0,0,sitting
-512.696,-652.732,567.66,0.0,0.0,800.0,-628.0,-896.0,0.0,22.99032,47.406664,52.19256,2019.21815438,628.0,896.0,800.0,-427.624,-707.696,1733.088,-76.608904,-27.776216,-18.204424,-1068.0,-532.0,-724.0,0.0,0.0,0.0,0,sitting
-506.16,-650.236,573.696,0.0,0.0,640.0,-544.0,-724.0,0.0,9.71696,20.505864,16.923904,2008.95534094,544.0,724.0,640.0,-429.62,-717.772,1730.092,-27.712808,-6.135,-13.29892,-820.0,-460.0,-628.0,0.0,0.0,0.0,0,sitting
-493.312,-613.02,619.124,0.0,0.0,1112.0,-532.0,-876.0,0.0,17.378752,45.67352,51.474624,2010.40624983,532.0,876.0,1112.0,-499.416,-738.832,1725.456,-79.769392,-23.179856,-11.577648,-1456.0,-768.0,-296.0,0.0,0.0,0.0,0,sitting
-160.736,-240.82,936.692,92.0,284.0,1292.0,-592.0,-672.0,0.0,136.052608,142.25236,92.093616,2029.50132321,684.0,956.0,1292.0,-856.608,-1016.776,1338.248,-98.293368,-85.893864,-186.211352,-1564.0,-1020.0,-348.0,11.0,7.0,0.0,0,sitting
-258.98,-49.444,972.684,0.0,260.0,1144.0,-376.0,-376.0,0.0,39.51076,62.728184,21.577264,2025.75027577,376.0,636.0,1144.0,-1182.22,-763.148,1281.108,-44.794688,1.64016,-80.66168,-1404.0,-884.0,132.0,0.0,25.0,0.0,0,sitting
-240.896,-9.576,980.38,0.0,32.0,1024.0,-300.0,-60.0,0.0,16.188224,12.514672,12.84164,2019.79569877,300.0,92.0,1024.0,-1211.7,-749.06,1230.852,-9.168088,-16.515192,-15.861256,-816.0,-1232.0,632.0,0.0,18.0,0.0,0,sitting
-273.18,-17.232,972.396,0.0,60.0,1016.0,-356.0,-148.0,0.0,20.80276,19.279424,11.989184,2021.69423728,356.0,208.0,1016.0,-1228.344,-716.448,1262.808,-10.465848,-13.51252,-28.093,-868.0,-1164.0,452.0,0.0,20.0,0.0,0,sitting
-267.94,-5.032,973.196,0.0,48.0,1016.0,-344.0,-40.0,0.0,16.03804,9.541152,11.958232,2019.33506321,344.0,88.0,1016.0,-1236.104,-710.288,1246.168,-5.461344,-18.45512,-13.62096,-760.0,-1272.0,584.0,0.0,4.0,0.0,0,sitting
-272.788,-5.776,971.936,0.0,64.0,1016.0,-336.0,-76.0,0.0,17.806192,17.400096,12.422528,2019.92980693,336.0,140.0,1016.0,-1238.948,-704.924,1250.5,-12.016432,-12.828624,-22.78376,-820.0,-1212.0,540.0,0.0,36.0,0.0,0,sitting
-332.236,-109.732,923.796,0.0,64.0,1012.0,-516.0,-524.0,0.0,68.027344,151.342328,63.450656,2020.26827459,516.0,588.0,1012.0,-1146.3,-701.292,1365.764,-146.76564,19.864328,-155.919016,-1084.0,-940.0,-92.0,0.0,22.0,0.0,0,sitting
-470.9,-501.516,629.764,0.0,0.0,984.0,-612.0,-896.0,0.0,70.8868,234.006704,267.844344,2020.12396784,612.0,896.0,984.0,-599.148,-660.38,1602.18,-430.964248,-104.72444,-37.04916,-1268.0,-700.0,-524.0,0.0,0.0,0.0,0,sitting
-395.132,-221.496,901.356,0.0,0.0,964.0,-528.0,-520.0,0.0,22.209192,61.629472,28.757336,2026.53940137,528.0,520.0,964.0,-1074.992,-727.72,1517.984,-68.177616,10.662944,-55.081328,-956.0,-972.0,-84.0,0.0,0.0,0.0,0,sitting
-389.116,-147.484,922.788,0.0,0.0,1000.0,-504.0,-240.0,0.0,13.040816,22.556768,13.026056,2025.63119106,504.0,240.0,1000.0,-1164.42,-681.156,1459.388,-22.542008,-3.510104,-22.571528,-736.0,-1264.0,256.0,0.0,0.0,0.0,0,sitting
-445.384,-381.444,572.888,0.0,0.0,972.0,-620.0,-1068.0,-544.0,70.003248,306.250576,432.544272,2029.28858205,620.0,1068.0,1516.0,-636.828,-508.948,1399.716,-668.7916,-196.296944,56.290448,-1964.0,-1068.0,-172.0,0.0,0.0,2.0,0,sitting
-216.384,-33.688,804.616,692.0,832.0,1052.0,-632.0,-720.0,0.0,273.851648,316.836656,140.14936,2010.49653727,1324.0,1552.0,1052.0,-987.312,-621.92,1054.688,-183.134368,-97.164352,-450.538944,-1280.0,-824.0,-1824.0,3.0,1.0,0.0,0,sitting
-343.176,-44.944,950.068,0.0,4.0,992.0,-404.0,-92.0,0.0,10.3212,10.348704,11.886776,2022.66441555,404.0,96.0,992.0,-1248.3,-651.836,1338.188,-11.91428,-11.859272,-8.783128,-684.0,-1300.0,492.0,0.0,0.0,0.0,0,sitting
-320.936,-20.088,958.248,0.0,28.0,1004.0,-372.0,-88.0,0.0,13.05376,11.577072,12.40496,2022.03269258,372.0,116.0,1004.0,-1259.096,-657.4,1299.272,-10.928272,-13.881648,-12.225872,-748.0,-1260.0,516.0,0.0,1.0,0.0,0,sitting
-308.408,5.256,960.952,0.0,40.0,1004.0,-368.0,-36.0,0.0,12.727984,9.615808,11.919984,2018.92542855,368.0,76.0,1004.0,-1274.616,-647.288,1264.104,-8.807808,-15.03216,-10.423808,-712.0,-1296.0,560.0,0.0,35.0,0.0,0,sitting
-307.208,4.66,961.596,0.0,60.0,996.0,-352.0,-36.0,0.0,11.643952,9.42356,11.850584,2019.35843076,352.0,96.0,996.0,-1273.464,-649.728,1264.144,-9.630192,-14.070976,-9.216928,-740.0,-1252.0,548.0,0.0,34.0,0.0,0,sitting
-298.844,11.336,964.268,0.0,52.0,1008.0,-364.0,-32.0,0.0,12.654312,10.729136,12.350264,2019.62580665,364.0,84.0,1008.0,-1274.448,-654.088,1251.776,-10.425088,-14.27544,-11.033184,-728.0,-1288.0,560.0,0.0,55.0,0.0,0,sitting
-324.928,-36.44,953.62,0.0,100.0,996.0,-412.0,-192.0,0.0,23.099648,40.20912,13.7074,2019.25776359,412.0,292.0,996.0,-1242.108,-665.132,1314.988,-30.816872,3.402072,-49.601368,-876.0,-1116.0,292.0,0.0,10.0,0.0,0,sitting
-314.688,-19.424,957.76,0.0,20.0,1004.0,-344.0,-52.0,0.0,9.692352,8.507968,12.2864,2016.94282382,344.0,72.0,1004.0,-1253.024,-662.496,1291.872,-11.102016,-13.470784,-5.91392,-732.0,-1276.0,588.0,0.0,0.0,0.0,0,sitting
-300.448,-0.62,963.728,0.0,32.0,1004.0,-336.0,-40.0,0.0,8.99168,8.70836,11.608096,2019.19506435,336.0,72.0,1004.0,-1263.556,-663.9,1264.796,-11.324776,-11.891416,-6.091944,-740.0,-1268.0,596.0,0.0,17.0,0.0,0,sitting
-299.524,-0.112,963.988,0.0,52.0,1004.0,-356.0,-84.0,0.0,9.788936,10.785696,11.957056,2019.26931022,356.0,136.0,1004.0,-1263.4,-664.576,1263.624,-12.953816,-10.960296,-8.617576,-784.0,-1224.0,512.0,0.0,21.0,0.0,0,sitting
-305.012,-13.94,962.176,0.0,36.0,1004.0,-392.0,-120.0,0.0,15.263072,23.11828,12.397888,2020.33294841,392.0,156.0,1004.0,-1253.248,-671.104,1281.128,-20.253096,-4.54268,-25.983464,-768.0,-1240.0,456.0,0.0,21.0,0.0,0,sitting
-325.128,-56.6,954.008,0.0,8.0,1008.0,-396.0,-148.0,0.0,26.61576,38.2356,15.212016,2021.70226983,396.0,156.0,1008.0,-1222.536,-685.48,1335.736,-26.831856,-3.592176,-49.639344,-768.0,-1248.0,456.0,0.0,0.0,0.0,0,sitting
-303.068,-20.784,962.152,0.0,8.0,1004.0,-344.0,-64.0,0.0,9.917008,7.823168,12.837616,2018.20306401,344.0,72.0,1004.0,-1244.436,-679.868,1286.004,-10.743776,-14.931456,-4.90256,-732.0,-1276.0,588.0,0.0,0.0,0.0,0,sitting
-298.464,-14.516,963.636,0.0,20.0,1004.0,-332.0,-48.0,0.0,8.891584,7.315232,11.34148,2018.00886867,332.0,68.0,1004.0,-1247.584,-679.688,1276.616,-9.765128,-12.917832,-4.865336,-740.0,-1268.0,604.0,0.0,0.0,0.0,0,sitting
-292.532,-5.34,967.928,0.0,28.0,1012.0,-340.0,-40.0,0.0,9.490224,7.57508,12.370368,2022.59678284,340.0,68.0,1012.0,-1255.12,-680.736,1265.8,-10.455224,-14.285512,-4.694936,-740.0,-1284.0,604.0,0.0,4.0,0.0,0,sitting
-292.652,-3.824,964.576,0.0,20.0,1008.0,-332.0,-28.0,0.0,8.839456,6.411552,11.677824,2016.17238691,332.0,48.0,1008.0,-1253.404,-675.748,1261.052,-9.24992,-14.105728,-3.573184,-724.0,-1292.0,628.0,0.0,0.0,0.0,0,sitting
-288.392,25.264,965.272,0.0,92.0,1020.0,-340.0,-28.0,0.0,10.180688,12.670624,11.941424,2015.96313421,340.0,120.0,1020.0,-1278.928,-651.616,1228.4,-14.43136,-9.451488,-10.909888,-800.0,-1240.0,560.0,0.0,39.0,0.0,0,sitting
-140.9,55.244,984.224,104.0,464.0,1204.0,-424.0,-412.0,0.0,115.0006,61.525072,40.31392,2019.84198583,528.0,876.0,1204.0,-1180.368,-788.08,1069.88,13.161608,-93.789448,-136.211752,-1552.0,-856.0,-200.0,2.0,25.0,0.0,0,sitting
-269.024,-4.012,960.316,20.0,512.0,1128.0,-488.0,-540.0,0.0,57.38624,70.64116,35.586488,2021.8038811,508.0,1052.0,1128.0,-1225.328,-695.304,1233.352,-48.841408,-22.331568,-92.440912,-1672.0,-584.0,-432.0,0.0,33.0,0.0,0,sitting
-290.212,15.804,966.096,0.0,96.0,1016.0,-340.0,-60.0,0.0,12.957512,13.098184,12.398848,2018.29525663,340.0,156.0,1016.0,-1272.112,-660.08,1240.504,-12.53952,-12.258176,-13.656848,-832.0,-1200.0,520.0,0.0,90.0,0.0,0,sitting
-296.492,12.612,964.296,0.0,64.0,1008.0,-336.0,-24.0,0.0,9.308088,10.081944,12.286208,2018.10342493,336.0,88.0,1008.0,-1273.4,-655.192,1248.176,-13.060064,-11.512352,-7.103824,-760.0,-1256.0,584.0,0.0,77.0,0.0,0,sitting
-319.908,-25.868,956.596,0.0,224.0,1060.0,-360.0,-84.0,0.0,12.598584,27.080592,13.147336,2019.46716016,360.0,308.0,1060.0,-1250.636,-662.556,1302.372,-27.629344,1.334672,-26.53184,-1008.0,-1112.0,392.0,0.0,23.0,0.0,0,sitting
-315.864,12.232,957.652,0.0,68.0,1000.0,-352.0,-32.0,0.0,9.498496,8.9592,12.584344,2017.20367813,352.0,100.0,1000.0,-1285.748,-629.556,1261.284,-12.045048,-13.12364,-5.873352,-748.0,-1252.0,548.0,0.0,75.0,0.0,0,sitting
-484.452,10.056,868.528,0.0,256.0,1284.0,-784.0,-248.0,0.0,112.03984,44.94512,74.602688,2016.49002387,784.0,504.0,1284.0,-1363.036,-374.02,1342.924,-7.507968,-141.697408,-82.382272,-1004.0,-1564.0,-4.0,0.0,43.0,0.0,0,sitting
-569.196,72.636,749.672,0.0,616.0,1284.0,-924.0,-724.0,0.0,208.878712,136.288352,202.322752,2019.12353407,924.0,1340.0,1284.0,-1391.504,-107.84,1246.232,-129.732392,-274.913112,-142.844312,-1700.0,-868.0,-980.0,0.0,28.0,0.0,0,sitting
-311.336,-23.804,959.876,0.0,32.0,1008.0,-348.0,-68.0,0.0,13.501216,11.614728,13.453672,2019.27402957,348.0,100.0,1008.0,-1247.408,-672.344,1295.016,-11.567184,-15.34016,-11.662272,-760.0,-1256.0,560.0,0.0,4.0,0.0,0,sitting
-308.604,-15.008,961.452,0.0,48.0,1000.0,-368.0,-88.0,0.0,9.767944,9.793344,12.291944,2020.09483849,368.0,136.0,1000.0,-1255.048,-667.856,1285.064,-12.317344,-12.266544,-7.269344,-768.0,-1232.0,496.0,0.0,4.0,0.0,0,sitting
-320.548,-31.236,956.132,0.0,36.0,1004.0,-360.0,-64.0,0.0,9.59732,7.246872,12.005424,2018.06378566,360.0,100.0,1004.0,-1245.444,-666.82,1307.916,-9.654976,-14.355872,-4.838768,-744.0,-1264.0,544.0,0.0,2.0,0.0,0,sitting
-323.916,-31.184,957.012,0.0,8.0,1000.0,-352.0,-84.0,0.0,8.682448,8.683904,11.14896,2021.88779578,352.0,92.0,1000.0,-1249.744,-664.28,1312.112,-11.150416,-11.147504,-6.217392,-740.0,-1260.0,556.0,0.0,0.0,0.0,0,sitting
-324.344,-37.016,955.004,0.0,32.0,996.0,-364.0,-164.0,0.0,11.263392,14.515936,12.257752,2019.10966153,364.0,196.0,996.0,-1242.332,-667.676,1316.364,-15.510296,-9.005208,-13.521576,-828.0,-1164.0,436.0,0.0,3.0,0.0,0,sitting
-325.0,-40.248,956.152,0.0,0.0,996.0,-360.0,-76.0,0.0,8.994,7.122656,12.608816,2021.56541966,360.0,76.0,996.0,-1240.904,-671.4,1321.4,-10.737472,-14.48016,-3.50784,-712.0,-1280.0,560.0,0.0,0.0,0.0,0,sitting
-324.64,-37.908,954.856,0.0,8.0,996.0,-360.0,-84.0,0.0,9.03232,6.929288,12.240032,2018.72257246,360.0,92.0,996.0,-1241.588,-668.124,1317.404,-10.137,-14.343064,-3.721576,-728.0,-1264.0,544.0,0.0,0.0,0.0,0,sitting
-323.028,-39.764,956.972,0.0,0.0,1000.0,-368.0,-76.0,0.0,9.681984,8.182904,11.763328,2021.83294023,368.0,76.0,1000.0,-1240.236,-673.708,1319.764,-10.264248,-13.262408,-6.10156,-708.0,-1292.0,556.0,0.0,0.0,0.0,0,sitting
-324.48,-31.308,955.436,0.0,32.0,1000.0,-412.0,-116.0,0.0,12.21728,12.775376,12.099064,2019.56256279,412.0,148.0,1000.0,-1248.608,-662.264,1311.224,-12.65716,-11.540968,-12.893592,-736.0,-1264.0,440.0,0.0,1.0,0.0,0,sitting
-329.264,-39.724,954.54,0.0,36.0,1000.0,-364.0,-76.0,0.0,9.353312,8.849272,12.57592,2021.29388872,364.0,112.0,1000.0,-1244.08,-665.0,1323.528,-12.07188,-13.07996,-5.626664,-748.0,-1252.0,524.0,0.0,2.0,0.0,0,sitting
-329.212,-41.212,955.256,0.0,0.0,1000.0,-368.0,-72.0,0.0,8.177568,5.91356,11.738224,2022.61525663,368.0,72.0,1000.0,-1243.256,-667.256,1325.68,-9.474216,-14.002232,-2.352904,-704.0,-1296.0,560.0,0.0,0.0,0.0,0,sitting
-332.796,-45.476,953.32,0.0,0.0,996.0,-368.0,-84.0,0.0,10.082088,10.722288,12.648,2021.8081342,368.0,84.0,996.0,-1240.64,-666.0,1331.592,-13.2882,-12.0078,-8.156376,-712.0,-1280.0,544.0,0.0,0.0,0.0,0,sitting
-341.096,-57.148,949.112,0.0,4.0,992.0,-384.0,-112.0,0.0,12.160224,15.429688,12.035152,2020.89582751,384.0,116.0,992.0,-1233.06,-665.164,1347.356,-15.304616,-8.765688,-15.55476,-724.0,-1260.0,492.0,0.0,0.0,0.0,0,sitting
-334.804,-41.18,953.068,0.0,44.0,1000.0,-380.0,-100.0,0.0,10.403096,12.8836,12.472856,2022.44168379,380.0,144.0,1000.0,-1246.692,-659.444,1329.052,-14.95336,-9.992352,-10.81384,-764.0,-1236.0,476.0,0.0,4.0,0.0,0,sitting
-328.844,-11.172,953.872,0.0,56.0,1004.0,-380.0,-64.0,0.0,10.362016,17.765192,12.735168,2018.69289655,380.0,120.0,1004.0,-1271.544,-636.2,1293.888,-20.138344,-5.331992,-15.39204,-744.0,-1264.0,504.0,0.0,26.0,0.0,0,sitting
-341.448,-19.328,950.82,0.0,28.0,996.0,-388.0,-56.0,0.0,9.61792,11.687104,11.92424,2021.24772518,388.0,84.0,996.0,-1272.94,-628.7,1311.596,-13.993424,-9.855056,-9.380784,-692.0,-1300.0,524.0,0.0,3.0,0.0,0,sitting
-346.144,-26.096,947.116,0.0,0.0,984.0,-380.0,-52.0,0.0,8.112832,6.250304,11.515736,2017.55499104,380.0,52.0,984.0,-1267.164,-627.068,1319.356,-9.653208,-13.378264,-2.8474,-656.0,-1312.0,552.0,0.0,0.0,0.0,0,sitting
-341.472,-25.488,948.856,0.0,8.0,992.0,-376.0,-56.0,0.0,8.524544,7.1224,12.1628,2017.66976236,376.0,64.0,992.0,-1264.84,-632.872,1315.816,-10.760656,-13.564944,-3.484144,-680.0,-1304.0,552.0,0.0,0.0,0.0,0,sitting
-339.188,-32.34,951.292,0.0,0.0,996.0,-372.0,-76.0,0.0,8.694464,6.75288,12.023048,2021.09371971,372.0,76.0,996.0,-1258.14,-644.444,1322.82,-10.081464,-13.964632,-3.424296,-700.0,-1292.0,548.0,0.0,0.0,0.0,0,sitting
-364.504,-72.976,912.352,0.0,4.0,1032.0,-744.0,-600.0,0.0,45.613088,74.591328,75.40032,2017.27035878,744.0,604.0,1032.0,-1203.88,-620.824,1349.832,-104.37856,-46.42208,-44.804096,-892.0,-1172.0,-316.0,0.0,0.0,0.0,0,sitting
-226.112,-860.164,379.044,0.0,284.0,1268.0,-720.0,-1068.0,-24.0,110.424,137.690384,103.46708,2038.84556879,720.0,1352.0,1292.0,255.008,-1013.096,1465.32,-130.733464,-76.200696,-144.647304,-1924.0,-660.0,-780.0,0.0,3.0,1.0,0,sitting
-175.792,-969.836,22.388,0.0,0.0,392.0,-272.0,-1056.0,-400.0,22.514688,26.222888,206.09296,2025.12592274,272.0,1056.0,792.0,771.656,-816.432,1168.016,-209.80116,-202.38476,157.355384,-1576.0,-8.0,-536.0,0.0,0.0,1.0,0,sitting
-149.904,-965.72,-275.78,0.0,0.0,0.0,-236.0,-1044.0,-500.0,17.752,19.39824,42.07176,2035.24785152,236.0,1044.0,500.0,1091.596,-540.036,839.844,-43.718,-40.42552,4.92152,-1308.0,308.0,-780.0,0.0,0.0,0.0,0,sitting
-164.252,-980.676,-196.284,0.0,0.0,0.0,-216.0,-1044.0,-320.0,15.215152,13.952728,39.878888,2029.5477147,216.0,1044.0,320.0,1012.708,-620.14,948.644,-38.616464,-41.141312,10.711008,-1148.0,508.0,-940.0,0.0,0.0,0.0,0,sitting
-174.012,-984.752,-149.08,0.0,0.0,0.0,-260.0,-1064.0,-280.0,18.972144,21.477536,34.04688,2024.35348195,260.0,1064.0,280.0,959.82,-661.66,1009.684,-36.552272,-31.541488,-6.4028,-1084.0,524.0,-1044.0,0.0,0.0,0.0,0,sitting
-142.808,-975.828,-227.052,0.0,0.0,52.0,-248.0,-1156.0,-484.0,20.65128,31.527864,70.199328,2032.3000517,248.0,1156.0,536.0,1060.072,-605.968,891.584,-81.075912,-59.322744,18.020184,-1444.0,372.0,-868.0,0.0,0.0,2.0,0,sitting
-193.472,-980.684,-149.188,0.0,0.0,44.0,-292.0,-1060.0,-388.0,24.149824,19.5902,68.113384,2029.96195157,292.0,1060.0,432.0,936.4,-638.024,1024.968,-63.55376,-72.673008,24.37336,-1200.0,336.0,-920.0,0.0,0.0,16.0,0,sitting
-240.852,-976.804,81.032,0.0,0.0,264.0,-404.0,-1264.0,-64.0,17.98904,28.938352,40.08624,2021.66805905,404.0,1264.0,328.0,654.92,-816.984,1298.688,-51.035552,-29.136928,-6.841152,-1188.0,532.0,-1340.0,0.0,0.0,34.0,0,sitting
-218.316,-984.192,-13.608,0.0,0.0,148.0,-276.0,-1052.0,-224.0,16.426328,18.94048,62.419216,2022.82684726,276.0,1052.0,372.0,779.484,-752.268,1188.9,-64.933368,-59.905064,27.052408,-1148.0,404.0,-956.0,0.0,0.0,24.0,0,sitting
-375.292,-541.208,545.26,0.0,0.0,1068.0,-740.0,-1076.0,-48.0,97.009392,350.350704,364.78232,2026.78696202,740.0,1076.0,1116.0,-379.344,-711.176,1461.76,-618.123632,-111.441008,-82.577776,-1452.0,-780.0,-700.0,0.0,0.0,24.0,0,sitting
-409.616,-258.276,886.1,0.0,0.0,944.0,-544.0,-500.0,0.0,18.177888,29.45152,24.8784,2024.25085091,544.0,500.0,944.0,-1037.44,-734.76,1553.992,-36.152032,-13.604768,-22.751008,-900.0,-988.0,-100.0,0.0,0.0,0.0,0,sitting
-428.708,-300.456,866.644,0.0,0.0,908.0,-456.0,-336.0,0.0,8.38864,9.07192,12.566176,2025.26427681,456.0,336.0,908.0,-994.896,-738.392,1595.808,-13.249456,-11.882896,-4.894384,-788.0,-1028.0,116.0,0.0,0.0,0.0,0,sitting
-443.964,-321.436,841.428,0.0,0.0,928.0,-668.0,-600.0,0.0,25.09216,30.197264,39.407744,2017.56810213,668.0,600.0,928.0,-963.956,-718.9,1606.828,-44.512848,-34.30264,-15.88168,-860.0,-996.0,-340.0,0.0,0.0,0.0,0,sitting
-244.436,-896.052,298.432,0.0,140.0,1440.0,-948.0,-1948.0,-48.0,57.63216,125.416648,142.478208,2037.28154491,948.0,2088.0,1488.0,353.184,-950.048,1438.92,-210.262696,-74.69372,-40.5706,-2628.0,-348.0,-1548.0,0.0,2.0,7.0,0,sitting
-210.216,-960.192,221.16,0.0,0.0,380.0,-296.0,-1064.0,0.0,14.798048,25.7536,59.62824,2021.1998134,296.0,1064.0,380.0,528.816,-971.136,1391.568,-70.583792,-48.672688,19.076592,-1148.0,388.0,-980.0,0.0,0.0,0.0,0,sitting
-209.592,-941.568,285.272,0.0,0.0,548.0,-256.0,-1052.0,0.0,16.541296,29.411328,59.479328,2019.49489469,256.0,1052.0,548.0,446.704,-1017.248,1436.432,-72.34936,-46.609296,13.526704,-1344.0,248.0,-760.0,0.0,0.0,0.0,0,sitting
-215.756,-968.98,162.252,0.0,0.0,428.0,-428.0,-1264.0,-64.0,30.455416,44.28532,64.83928,2020.55705826,428.0,1264.0,492.0,590.972,-915.476,1346.988,-78.669184,-51.009376,-9.901456,-1328.0,344.0,-1200.0,0.0,0.0,9.0,0,sitting
-231.048,-934.768,302.736,0.0,0.0,380.0,-276.0,-988.0,0.0,11.406464,15.108992,21.32592,2019.63168265,276.0,988.0,380.0,400.984,-1006.456,1468.552,-25.028448,-17.623392,-5.189536,-1092.0,332.0,-884.0,0.0,0.0,0.0,0,sitting
-285.728,-880.988,393.216,0.0,0.0,464.0,-352.0,-1004.0,0.0,13.481216,17.56912,20.034944,2013.5913786,352.0,1004.0,464.0,202.044,-988.476,1559.932,-24.122848,-15.94704,-11.015392,-1116.0,188.0,-892.0,0.0,0.0,0.0,0,sitting
-270.864,-898.18,356.408,0.0,0.0,500.0,-324.0,-988.0,0.0,14.11872,29.78244,68.54992,2014.72682872,324.0,988.0,500.0,270.908,-983.724,1525.452,-84.21364,-52.8862,24.64876,-1164.0,164.0,-812.0,0.0,0.0,0.0,0,sitting
-250.424,-844.208,486.584,0.0,0.0,536.0,-284.0,-880.0,0.0,8.57528,7.30352,14.270656,2012.4473459,284.0,880.0,536.0,107.2,-1080.368,1581.216,-12.998896,-15.542416,-1.608144,-1132.0,60.0,-628.0,0.0,0.0,0.0,0,sitting
-247.804,-836.224,502.6,0.0,0.0,592.0,-280.0,-908.0,0.0,8.729168,8.829504,14.2964,2013.64385516,280.0,908.0,592.0,85.82,-1091.02,1586.628,-14.396736,-14.196064,-3.262272,-1220.0,36.0,-596.0,0.0,0.0,0.0,0,sitting
-175.592,-777.976,609.864,0.0,0.0,720.0,-280.0,-1136.0,0.0,22.529168,38.653808,58.65952,2016.80070304,280.0,1136.0,720.0,-7.48,-1212.248,1563.432,-74.78416,-42.53488,-2.523456,-1576.0,136.0,-696.0,0.0,0.0,0.0,0,sitting
-156.428,-764.052,631.864,0.0,0.0,720.0,-216.0,-876.0,0.0,16.071592,39.464592,54.838672,2013.72001348,216.0,876.0,720.0,-24.24,-1239.488,1552.344,-78.231672,-31.445672,-0.697511999999,-1380.0,-60.0,-372.0,0.0,0.0,0.0,0,sitting
-165.556,-815.416,566.48,0.0,0.0,624.0,-208.0,-872.0,0.0,9.454704,11.349376,14.87536,2013.5774815,208.0,872.0,624.0,83.38,-1216.34,1547.452,-16.770032,-12.980688,-5.92872,-1288.0,40.0,-456.0,0.0,0.0,0.0,0,sitting
-273.66,-588.016,692.476,0.0,36.0,1096.0,-632.0,-1008.0,0.0,131.62536,260.317216,118.1394,2019.02690714,632.0,1044.0,1096.0,-378.12,-1006.832,1554.152,-246.831256,10.552456,-273.803176,-1508.0,-684.0,-580.0,0.0,1.0,0.0,0,sitting
-438.364,-337.148,844.68,0.0,0.0,940.0,-556.0,-484.0,0.0,29.000552,24.891648,14.97336,2022.35127291,556.0,484.0,940.0,-945.896,-743.464,1620.192,-10.864456,-19.082264,-38.91884,-868.0,-1012.0,-100.0,0.0,0.0,0.0,0,sitting
-453.928,-312.036,849.128,0.0,0.0,900.0,-496.0,-376.0,0.0,8.914016,10.817328,13.32656,2024.62198307,496.0,376.0,900.0,-991.02,-707.236,1615.092,-15.229872,-11.423248,-6.404784,-780.0,-1020.0,28.0,0.0,0.0,0.0,0,sitting
-451.316,-307.908,852.156,0.0,0.0,896.0,-480.0,-344.0,0.0,8.129768,9.0098,12.637048,2024.77584105,480.0,344.0,896.0,-995.564,-708.748,1611.38,-13.51708,-11.757016,-4.50252,-760.0,-1032.0,72.0,0.0,0.0,0.0,0,sitting
-442.66,-284.948,864.144,0.0,0.0,908.0,-484.0,-320.0,0.0,9.37228,9.754152,13.573536,2024.0451671,484.0,320.0,908.0,-1021.856,-706.432,1591.752,-13.955408,-13.191664,-5.552896,-744.0,-1072.0,104.0,0.0,0.0,0.0,0,sitting
-445.068,-301.116,859.124,0.0,0.0,912.0,-480.0,-356.0,0.0,9.957168,13.495488,14.181056,2027.17853812,480.0,356.0,912.0,-1003.076,-715.172,1605.308,-17.719376,-10.642736,-9.2716,-788.0,-1036.0,76.0,0.0,0.0,0.0,0,sitting
-442.872,-291.464,862.492,0.0,0.0,908.0,-480.0,-332.0,0.0,8.660704,9.451376,12.542224,2025.12475817,480.0,332.0,908.0,-1013.9,-711.084,1596.828,-13.332896,-11.751552,-5.569856,-760.0,-1056.0,96.0,0.0,0.0,0.0,0,sitting
-444.016,-293.864,860.72,0.0,0.0,900.0,-484.0,-332.0,0.0,9.234304,10.196272,13.0536,2024.51442434,484.0,332.0,900.0,-1010.872,-710.568,1598.6,-14.015568,-12.091632,-6.376976,-748.0,-1052.0,84.0,0.0,0.0,0.0,0,sitting
-447.864,-298.788,854.144,0.0,0.0,904.0,-480.0,-332.0,0.0,8.320208,7.514056,13.165696,2019.53400128,480.0,332.0,904.0,-1003.22,-705.068,1600.796,-12.359544,-13.971848,-2.668568,-756.0,-1052.0,92.0,0.0,0.0,0.0,0,sitting
-443.724,-292.116,860.984,0.0,0.0,908.0,-476.0,-332.0,0.0,8.676568,8.094792,13.411296,2023.64467963,476.0,332.0,908.0,-1012.592,-709.376,1596.824,-12.82952,-13.993072,-3.360064,-764.0,-1052.0,100.0,0.0,0.0,0.0,0,sitting
-438.808,-283.736,866.944,0.0,0.0,912.0,-480.0,-376.0,0.0,9.532608,9.121504,12.935808,2024.85061564,480.0,376.0,912.0,-1022.016,-711.872,1589.488,-12.524704,-13.346912,-5.718304,-808.0,-1016.0,56.0,0.0,0.0,0.0,0,sitting
-436.944,-279.84,868.708,0.0,0.0,912.0,-468.0,-308.0,0.0,7.785184,6.53504,12.527824,2023.91636521,468.0,308.0,912.0,-1025.812,-711.604,1585.492,-11.27768,-13.777968,-1.7924,-752.0,-1072.0,136.0,0.0,0.0,0.0,0,sitting
-443.544,-276.152,868.696,0.0,0.0,924.0,-476.0,-312.0,0.0,8.907776,8.355456,12.942624,2027.71440826,476.0,312.0,924.0,-1036.088,-701.304,1588.392,-12.390304,-13.494944,-4.320608,-760.0,-1088.0,136.0,0.0,0.0,0.0,0,sitting
-437.092,-252.416,877.468,0.0,0.0,948.0,-516.0,-336.0,0.0,17.840296,29.570304,18.152336,2026.66527703,516.0,336.0,948.0,-1062.144,-692.792,1566.976,-29.882344,-6.422328,-29.258264,-768.0,-1128.0,96.0,0.0,0.0,0.0,0,sitting
-421.324,-217.728,894.688,0.0,0.0,948.0,-476.0,-276.0,0.0,10.390928,12.505216,12.601856,2025.70867678,476.0,276.0,948.0,-1098.284,-691.092,1533.74,-14.716144,-10.487568,-10.294288,-748.0,-1148.0,196.0,0.0,0.0,0.0,0,sitting
-424.908,-222.032,891.38,0.0,0.0,940.0,-456.0,-260.0,0.0,9.007928,9.194144,12.3318,2024.52633239,456.0,260.0,940.0,-1094.256,-688.504,1538.32,-12.518016,-12.145584,-5.870272,-744.0,-1136.0,224.0,0.0,0.0,0.0,0,sitting
-419.996,-216.972,894.9,0.0,0.0,956.0,-468.0,-260.0,0.0,11.524632,14.183064,14.3206,2024.75466321,468.0,260.0,956.0,-1097.924,-691.876,1531.868,-16.979032,-11.662168,-11.387096,-748.0,-1164.0,228.0,0.0,0.0,0.0,0,sitting
-413.492,-208.292,899.748,0.0,0.0,940.0,-452.0,-264.0,0.0,9.969712,10.254864,12.66372,2024.10893873,452.0,264.0,940.0,-1104.948,-694.548,1521.532,-12.948872,-12.378568,-7.560856,-752.0,-1128.0,224.0,0.0,0.0,0.0,0,sitting
-423.688,-205.368,895.932,0.0,0.0,944.0,-472.0,-240.0,0.0,8.126176,7.689248,12.58748,2024.4546831,472.0,240.0,944.0,-1114.252,-677.612,1524.988,-12.150552,-13.024408,-3.227944,-712.0,-1176.0,232.0,0.0,0.0,0.0,0,sitting
-419.404,-194.72,901.344,0.0,0.0,948.0,-456.0,-240.0,0.0,8.462752,9.45216,11.933568,2026.32195185,456.0,240.0,948.0,-1126.028,-676.66,1515.468,-12.922976,-10.94416,-5.981344,-732.0,-1164.0,252.0,0.0,0.0,0.0,0,sitting
-420.62,-174.564,902.912,0.0,0.0,948.0,-456.0,-236.0,0.0,9.58972,13.95764,13.590528,2023.03693001,456.0,236.0,948.0,-1148.968,-656.856,1498.096,-17.958448,-9.222608,-9.956832,-728.0,-1168.0,256.0,0.0,0.0,0.0,0,sitting
-416.308,-167.164,907.204,0.0,0.0,948.0,-452.0,-196.0,0.0,8.320344,7.063008,12.65976,2024.29947283,452.0,196.0,948.0,-1156.348,-658.06,1490.676,-11.402424,-13.917096,-2.723592,-692.0,-1204.0,300.0,0.0,0.0,0.0,0,sitting
-413.224,-165.14,909.42,0.0,0.0,952.0,-452.0,-196.0,0.0,8.760128,7.26324,12.61588,2025.16057055,452.0,196.0,952.0,-1157.504,-661.336,1487.784,-11.118992,-14.112768,-3.407488,-696.0,-1208.0,304.0,0.0,0.0,0.0,0,sitting
-417.088,-169.36,907.304,0.0,0.0,956.0,-460.0,-240.0,0.0,9.532736,9.11392,13.147504,2025.998878,460.0,240.0,956.0,-1155.032,-659.576,1493.752,-12.728688,-13.56632,-5.499152,-736.0,-1176.0,256.0,0.0,0.0,0.0,0,sitting
-404.724,-165.38,912.412,0.0,0.0,964.0,-464.0,-224.0,0.0,14.65888,12.7014,13.894952,2024.17472844,464.0,224.0,964.0,-1151.756,-673.068,1482.516,-11.937472,-15.852432,-13.465328,-724.0,-1204.0,276.0,0.0,0.0,0.0,0,sitting
-411.656,-144.968,915.048,0.0,0.0,960.0,-468.0,-220.0,0.0,12.498752,13.306992,13.647952,2028.19806407,468.0,220.0,960.0,-1181.736,-648.36,1471.672,-14.456192,-12.839712,-12.157792,-712.0,-1208.0,272.0,0.0,0.0,0.0,0,sitting
-403.128,-136.72,918.544,0.0,0.0,968.0,-436.0,-168.0,0.0,9.001248,9.20896,12.05536,2025.05341669,436.0,168.0,968.0,-1184.952,-652.136,1458.392,-12.263072,-11.847648,-6.154848,-700.0,-1236.0,364.0,0.0,0.0,0.0,0,sitting
-408.284,-138.388,915.772,0.0,0.0,960.0,-444.0,-184.0,0.0,9.106104,9.709552,12.166448,2024.64677812,444.0,184.0,960.0,-1185.668,-645.876,1462.444,-12.769896,-11.563,-6.649208,-700.0,-1220.0,332.0,0.0,0.0,0.0,0,sitting
-405.792,-133.808,916.744,0.0,0.0,960.0,-440.0,-176.0,0.0,8.87008,9.860064,12.45208,2023.12888553,440.0,176.0,960.0,-1188.728,-644.76,1456.344,-13.442064,-11.462096,-6.278064,-696.0,-1224.0,344.0,0.0,0.0,0.0,0,sitting
-406.072,-130.184,918.0,0.0,0.0,960.0,-440.0,-160.0,0.0,8.522416,7.463216,12.208,2024.62508126,440.0,160.0,960.0,-1193.888,-642.112,1454.256,-11.1488,-13.2672,-3.777632,-680.0,-1240.0,360.0,0.0,0.0,0.0,0,sitting
-396.448,-125.564,923.08,0.0,0.0,980.0,-444.0,-184.0,0.0,12.101568,10.313536,13.02816,2025.27865225,444.0,184.0,980.0,-1193.964,-652.196,1445.092,-11.240128,-14.816192,-9.386944,-720.0,-1240.0,352.0,0.0,0.0,0.0,0,sitting
-384.74,-113.856,930.76,0.0,0.0,972.0,-452.0,-176.0,0.0,9.5426,8.483456,11.89816,2027.40508052,452.0,176.0,972.0,-1201.644,-659.876,1429.356,-10.839016,-12.957304,-6.127896,-696.0,-1248.0,344.0,0.0,0.0,0.0,0,sitting
-388.436,-114.888,927.544,0.0,0.0,968.0,-420.0,-144.0,0.0,8.029704,7.093376,11.505952,2024.39710507,420.0,144.0,968.0,-1201.092,-653.996,1430.868,-10.569624,-12.44228,-3.617128,-692.0,-1244.0,404.0,0.0,0.0,0.0,0,sitting
-387.328,-114.396,929.3,0.0,0.0,968.0,-424.0,-140.0,0.0,8.145728,6.527328,11.7566,2026.6885159,424.0,140.0,968.0,-1202.232,-656.368,1431.024,-10.1382,-13.375,-2.916456,-684.0,-1252.0,404.0,0.0,0.0,0.0,0,sitting
-388.0,-113.296,928.448,0.0,0.0,972.0,-420.0,-136.0,0.0,8.024,6.131744,11.895488,2025.37089037,420.0,136.0,972.0,-1203.152,-653.744,1429.744,-10.003232,-13.787744,-2.260256,-688.0,-1256.0,416.0,0.0,0.0,0.0,0,sitting
-387.836,-112.944,928.156,0.0,0.0,972.0,-424.0,-140.0,0.0,8.231024,6.594624,12.376792,2024.66512267,424.0,140.0,972.0,-1203.048,-653.264,1428.936,-10.740392,-14.013192,-2.448856,-688.0,-1256.0,408.0,0.0,0.0,0.0,0,sitting
-389.78,-112.896,929.3,0.0,0.0,972.0,-420.0,-136.0,0.0,8.21296,5.963392,11.6994,2028.23366034,420.0,136.0,972.0,-1206.184,-652.416,1431.976,-9.449832,-13.948968,-2.476952,-688.0,-1256.0,416.0,0.0,0.0,0.0,0,sitting
-389.14,-112.976,927.96,0.0,0.0,968.0,-416.0,-140.0,0.0,7.99584,5.929408,12.06824,2025.28042038,416.0,140.0,968.0,-1204.124,-651.796,1430.076,-10.001808,-14.134672,-1.857008,-692.0,-1244.0,412.0,0.0,0.0,0.0,0,sitting
-389.64,-113.508,927.096,0.0,0.0,968.0,-440.0,-156.0,0.0,8.75544,6.795848,13.0852,2024.26956715,440.0,156.0,968.0,-1203.228,-650.964,1430.244,-11.125608,-15.044792,-2.466088,-684.0,-1252.0,372.0,0.0,0.0,0.0,0,sitting
-327.556,-115.104,948.176,0.0,0.0,1016.0,-460.0,-188.0,0.0,57.464424,21.867392,20.038688,2024.66753193,460.0,188.0,1016.0,-1160.628,-735.724,1390.836,15.558344,-55.63572,-59.293128,-744.0,-1288.0,368.0,0.0,0.0,0.0,0,sitting
-349.752,-114.444,942.648,0.0,0.0,996.0,-428.0,-160.0,0.0,39.828304,12.486656,16.711776,2026.19694863,428.0,160.0,996.0,-1177.956,-707.34,1406.844,10.629872,-44.053424,-35.603184,-728.0,-1264.0,408.0,0.0,0.0,0.0,0,sitting
-385.64,-106.336,929.592,0.0,0.0,972.0,-420.0,-140.0,0.0,7.97088,6.694592,12.179344,2024.19339058,420.0,140.0,972.0,-1208.896,-650.288,1421.568,-10.903056,-13.455632,-2.486128,-692.0,-1252.0,412.0,0.0,0.0,0.0,0,sitting
-390.74,-113.828,927.344,0.0,0.0,972.0,-424.0,-136.0,0.0,8.28104,6.428216,11.56368,2025.65944765,424.0,136.0,972.0,-1204.256,-650.432,1431.912,-9.710856,-13.416504,-3.145576,-684.0,-1260.0,412.0,0.0,0.0,0.0,0,sitting
-393.728,-117.84,927.424,0.0,0.0,980.0,-432.0,-156.0,0.0,10.516224,9.35008,12.274688,2029.13417,432.0,156.0,980.0,-1203.312,-651.536,1438.992,-11.108544,-13.440832,-7.591616,-704.0,-1256.0,392.0,0.0,0.0,0.0,0,sitting
-404.216,-130.6,918.336,0.0,0.0,964.0,-480.0,-228.0,0.0,16.414464,18.2564,14.143168,2024.7713799,480.0,228.0,964.0,-1191.952,-644.72,1453.152,-15.985104,-12.301232,-20.527696,-712.0,-1216.0,256.0,0.0,0.0,0.0,0,sitting
-450.108,-201.352,882.848,0.0,0.0,928.0,-492.0,-252.0,0.0,11.850376,17.144784,14.345344,2023.1337722,492.0,252.0,928.0,-1131.604,-634.092,1534.308,-19.639752,-9.050936,-14.649816,-688.0,-1168.0,184.0,0.0,0.0,0.0,0,sitting
-462.788,-220.188,872.24,0.0,0.0,912.0,-500.0,-248.0,0.0,8.646176,6.468712,12.01936,2023.54138407,500.0,248.0,912.0,-1114.84,-629.64,1555.216,-9.841896,-14.196824,-3.095528,-660.0,-1164.0,164.0,0.0,0.0,0.0,0,sitting
-471.236,-237.332,863.52,0.0,0.0,928.0,-508.0,-276.0,0.0,8.533344,8.947832,12.13504,2024.1717596,508.0,276.0,928.0,-1097.424,-629.616,1572.088,-12.549528,-11.720552,-5.346136,-696.0,-1160.0,144.0,0.0,0.0,0.0,0,sitting
-471.2,-233.224,864.072,0.0,0.0,912.0,-508.0,-276.0,0.0,8.3984,7.42592,12.556896,2023.14364415,508.0,276.0,912.0,-1102.048,-626.096,1568.496,-11.584416,-13.529376,-3.267424,-680.0,-1144.0,128.0,0.0,0.0,0.0,0,sitting
-470.448,-232.32,866.748,0.0,0.0,916.0,-512.0,-260.0,0.0,8.177184,7.52896,12.911056,2026.5962475,512.0,260.0,916.0,-1104.876,-628.62,1569.516,-12.262832,-13.55928,-2.795088,-664.0,-1168.0,144.0,0.0,0.0,0.0,0,sitting
-468.148,-229.04,866.568,0.0,0.0,916.0,-496.0,-256.0,0.0,7.846936,6.94512,12.149824,2022.65274811,496.0,256.0,916.0,-1105.676,-627.46,1563.756,-11.248008,-13.05164,-2.642232,-676.0,-1156.0,164.0,0.0,0.0,0.0,0,sitting
-470.024,-231.308,867.464,0.0,0.0,904.0,-504.0,-276.0,0.0,8.619856,7.619968,11.981024,2027.00745463,504.0,276.0,904.0,-1106.18,-628.748,1568.796,-10.981136,-12.980912,-4.2588,-676.0,-1132.0,124.0,0.0,0.0,0.0,0,sitting
-472.276,-235.336,863.008,0.0,0.0,904.0,-500.0,-256.0,0.0,7.944984,6.351648,12.753728,2023.2654452,500.0,256.0,904.0,-1099.948,-626.068,1570.62,-11.160392,-14.347064,-1.542904,-660.0,-1148.0,148.0,0.0,0.0,0.0,0,sitting
-425.696,-154.48,902.808,0.0,0.0,964.0,-520.0,-252.0,0.0,26.51328,32.73072,22.383568,2023.1107222,520.0,252.0,964.0,-1174.024,-631.592,1482.984,-28.601008,-16.166128,-36.860432,-696.0,-1232.0,192.0,0.0,0.0,0.0,0,sitting
-401.232,-122.028,921.476,0.0,0.0,964.0,-436.0,-160.0,0.0,9.683712,8.135496,12.067616,2025.09059936,436.0,160.0,964.0,-1200.68,-642.272,1444.736,-10.5194,-13.615832,-5.751592,-688.0,-1240.0,368.0,0.0,0.0,0.0,0,sitting
-394.684,-104.32,926.328,0.0,20.0,984.0,-436.0,-152.0,0.0,11.650544,17.79936,12.400128,2025.27120731,436.0,172.0,984.0,-1216.692,-635.964,1425.332,-18.548944,-6.251312,-17.049776,-720.0,-1248.0,376.0,0.0,0.0,0.0,0,sitting
-384.064,-84.636,932.776,0.0,0.0,980.0,-468.0,-172.0,0.0,13.526016,13.1076,12.641664,2025.18659589,468.0,172.0,980.0,-1232.204,-633.348,1401.476,-12.223248,-13.06008,-13.991952,-684.0,-1276.0,340.0,0.0,0.0,0.0,0,sitting
-386.54,-82.848,931.46,0.0,0.0,980.0,-472.0,-164.0,0.0,10.54876,8.206912,12.96396,2024.09309336,472.0,164.0,980.0,-1235.152,-627.768,1400.848,-10.622112,-15.305808,-5.791712,-672.0,-1288.0,344.0,0.0,0.0,0.0,0,sitting
-394.236,-92.656,927.764,0.0,0.0,972.0,-436.0,-144.0,0.0,9.260696,10.363968,12.37396,2024.90688401,436.0,144.0,972.0,-1229.344,-626.184,1414.656,-13.477232,-11.270688,-7.250704,-680.0,-1264.0,392.0,0.0,0.0,0.0,0,sitting
-376.064,-71.216,934.348,0.0,0.0,988.0,-444.0,-144.0,0.0,20.649728,15.47056,13.38852,2020.48144762,444.0,144.0,988.0,-1239.196,-629.5,1381.628,-8.209352,-18.567688,-22.731768,-688.0,-1288.0,400.0,0.0,0.0,0.0,0,sitting
-358.308,-45.232,943.124,0.0,16.0,984.0,-432.0,-116.0,0.0,14.913208,11.165024,13.276824,2020.38702333,432.0,132.0,984.0,-1256.2,-630.048,1346.664,-9.52864,-17.025008,-12.801408,-684.0,-1284.0,420.0,0.0,0.0,0.0,0,sitting
-362.916,-55.096,941.208,0.0,0.0,984.0,-440.0,-112.0,0.0,11.615664,9.637968,12.215248,2020.90001413,440.0,112.0,984.0,-1249.028,-633.388,1359.22,-10.237552,-14.192944,-9.038384,-656.0,-1312.0,432.0,0.0,0.0,0.0,0,sitting
-366.796,-61.332,939.992,0.0,0.0,984.0,-404.0,-104.0,0.0,9.22428,7.379928,11.761056,2021.96724477,404.0,104.0,984.0,-1245.456,-634.528,1368.12,-9.916704,-13.605408,-4.843152,-684.0,-1284.0,476.0,0.0,0.0,0.0,0,sitting
-371.044,-62.32,938.092,0.0,0.0,976.0,-408.0,-88.0,0.0,8.78292,6.91952,11.354024,2021.65506892,408.0,88.0,976.0,-1246.816,-629.368,1371.456,-9.490624,-13.217424,-4.348416,-656.0,-1296.0,480.0,0.0,0.0,0.0,0,sitting
-371.932,-62.356,936.932,0.0,0.0,980.0,-400.0,-88.0,0.0,8.245792,6.892544,11.261552,2020.15880637,400.0,88.0,980.0,-1246.508,-627.356,1371.22,-9.908304,-12.6148,-3.876784,-668.0,-1292.0,492.0,0.0,0.0,0.0,0,sitting
-373.988,-66.064,938.276,0.0,0.0,984.0,-408.0,-92.0,0.0,8.59164,6.954336,11.942752,2024.64362778,408.0,92.0,984.0,-1246.2,-630.352,1378.328,-10.305448,-13.580056,-3.603224,-668.0,-1300.0,484.0,0.0,0.0,0.0,0,sitting
-365.332,-54.104,940.628,0.0,0.0,980.0,-404.0,-108.0,0.0,10.50796,10.564624,11.361216,2021.41232442,404.0,108.0,980.0,-1251.856,-629.4,1360.064,-11.41788,-11.304552,-9.711368,-684.0,-1276.0,468.0,0.0,0.0,0.0,0,sitting
-368.056,-60.712,939.44,0.0,0.0,980.0,-404.0,-96.0,0.0,8.919392,7.226592,11.54656,2021.79622539,404.0,96.0,980.0,-1246.784,-632.096,1368.208,-9.85376,-13.23936,-4.599424,-672.0,-1288.0,480.0,0.0,0.0,0.0,0,sitting
-360.936,-55.224,943.824,0.0,0.0,984.0,-400.0,-92.0,0.0,10.839824,8.769776,11.934176,2024.29950382,400.0,92.0,984.0,-1249.536,-638.112,1359.984,-9.864128,-14.004224,-7.675424,-676.0,-1292.0,492.0,0.0,0.0,0.0,0,sitting
-357.524,-65.408,943.832,0.0,0.0,996.0,-388.0,-92.0,0.0,8.786488,6.725824,11.863456,2022.99169345,388.0,92.0,996.0,-1235.948,-651.716,1366.764,-9.802792,-13.92412,-3.648856,-700.0,-1292.0,516.0,0.0,0.0,0.0,0,sitting
-362.62,-53.132,942.284,0.0,52.0,988.0,-448.0,-140.0,0.0,12.94856,15.755408,11.820048,2022.85842173,448.0,192.0,988.0,-1251.772,-632.796,1358.036,-14.626896,-9.0132,-16.88392,-732.0,-1244.0,348.0,0.0,2.0,0.0,0,sitting
-363.888,-289.512,755.528,28.0,84.0,1028.0,-688.0,-1228.0,-148.0,53.091072,315.115728,257.493792,2027.86170897,716.0,1312.0,1176.0,-829.904,-681.152,1408.928,-519.518448,4.53086400001,-110.713008,-1772.0,-580.0,-852.0,2.0,2.0,2.0,0,sitting
-284.452,-822.804,493.012,0.0,0.0,616.0,-480.0,-1068.0,0.0,29.623808,33.28124,56.430144,2009.92754739,480.0,1068.0,616.0,45.34,-1031.364,1600.268,-60.087576,-52.772712,-6.474904,-1204.0,-28.0,-932.0,0.0,0.0,0.0,0,sitting
-256.6,-807.104,540.508,0.0,0.0,628.0,-324.0,-948.0,0.0,18.9476,46.260352,27.46496,2012.02694832,324.0,948.0,628.0,9.996,-1091.012,1604.212,-54.777712,-0.152208,-37.742992,-1252.0,-4.0,-644.0,0.0,0.0,0.0,0,sitting
-254.576,-810.516,539.116,0.0,0.0,616.0,-312.0,-940.0,0.0,15.305504,36.82372,24.901768,2013.86339433,312.0,940.0,616.0,16.824,-1095.056,1604.208,-46.419984,-3.383552,-27.227456,-1244.0,12.0,-636.0,0.0,0.0,0.0,0,sitting
-252.108,-807.648,542.196,0.0,0.0,648.0,-324.0,-984.0,0.0,20.558816,53.416576,29.848232,2013.0478319,324.0,984.0,648.0,13.344,-1097.736,1601.952,-62.705992,3.009528,-44.12716,-1308.0,12.0,-660.0,0.0,0.0,0.0,0,sitting
-249.756,-805.956,547.52,0.0,0.0,648.0,-324.0,-984.0,0.0,15.611608,41.118936,27.08256,2013.66680139,324.0,984.0,648.0,8.68,-1103.72,1603.232,-52.589888,-1.575232,-29.647984,-1308.0,12.0,-660.0,0.0,0.0,0.0,0,sitting
-248.524,-805.608,547.608,0.0,0.0,648.0,-316.0,-968.0,0.0,22.315616,46.003936,28.138048,2013.03119835,316.0,968.0,648.0,9.476,-1104.692,1601.74,-51.826368,-4.449728,-40.181504,-1300.0,4.0,-636.0,0.0,0.0,0.0,0,sitting
-249.296,-804.768,549.836,0.0,0.0,652.0,-300.0,-992.0,0.0,11.449696,25.6576,21.349576,2013.47447917,300.0,992.0,652.0,5.636,-1105.308,1603.9,-35.55748,-7.141672,-15.75772,-1344.0,40.0,-640.0,0.0,0.0,0.0,0,sitting
-246.984,-805.284,549.276,0.0,0.0,640.0,-312.0,-968.0,0.0,14.412576,32.371512,20.666768,2012.86385565,312.0,968.0,640.0,9.024,-1107.576,1601.544,-38.625704,-2.707832,-26.11732,-1296.0,16.0,-640.0,0.0,0.0,0.0,0,sitting
-245.812,-806.916,550.644,0.0,0.0,624.0,-304.0,-920.0,0.0,11.95012,25.066744,18.99004,2016.06316014,304.0,920.0,624.0,10.46,-1111.748,1603.372,-32.106664,-5.873416,-18.026824,-1240.0,-8.0,-600.0,0.0,0.0,0.0,0,sitting
-244.912,-807.16,549.52,0.0,0.0,640.0,-296.0,-972.0,0.0,13.530528,57.50472,26.9624,2016.49501146,296.0,972.0,640.0,12.728,-1111.768,1601.592,-70.936592,17.011792,-44.072848,-1316.0,36.0,-628.0,0.0,0.0,0.0,0,sitting
-243.744,-803.324,552.528,0.0,0.0,608.0,-284.0,-920.0,0.0,9.249792,12.624504,14.921792,2010.57836603,284.0,920.0,608.0,7.052,-1112.108,1599.596,-18.296504,-11.54708,-6.952504,-1244.0,28.0,-596.0,0.0,0.0,0.0,0,sitting
-242.056,-806.02,552.688,0.0,0.0,632.0,-316.0,-964.0,0.0,17.723968,48.7496,24.283616,2016.10120481,316.0,964.0,632.0,11.276,-1116.652,1600.764,-55.309248,6.742016,-42.189952,-1280.0,16.0,-648.0,0.0,0.0,0.0,0,sitting
-419.324,-612.152,534.872,0.0,176.0,1168.0,-924.0,-1144.0,-100.0,190.192168,217.796736,238.028944,2032.36603248,924.0,1320.0,1268.0,-342.044,-727.7,1566.348,-265.633512,-210.424376,-169.95996,-1664.0,-872.0,-976.0,0.0,4.0,11.0,0,sitting
-534.952,-690.44,495.576,0.0,0.0,604.0,-632.0,-768.0,0.0,13.577712,21.9384,24.586288,2010.12839199,632.0,768.0,604.0,-340.088,-651.064,1720.968,-32.946976,-16.2256,-10.929824,-740.0,-468.0,-796.0,0.0,0.0,0.0,0,sitting
-561.68,-705.176,440.748,0.0,0.0,548.0,-632.0,-840.0,0.0,21.42496,26.008976,31.570768,2009.42483805,632.0,840.0,548.0,-297.252,-584.244,1707.604,-36.154784,-26.986752,-15.863168,-756.0,-340.0,-924.0,0.0,0.0,0.0,0,sitting
-526.348,-678.3,523.084,0.0,0.0,576.0,-580.0,-744.0,0.0,11.09636,14.0128,17.589768,2011.38660599,580.0,744.0,576.0,-371.132,-675.036,1727.732,-20.506208,-14.673328,-7.519392,-740.0,-412.0,-748.0,0.0,0.0,0.0,0,sitting
-522.44,-679.672,523.456,0.0,0.0,564.0,-560.0,-724.0,0.0,8.38648,8.720928,12.929344,2009.15232959,560.0,724.0,564.0,-366.224,-680.688,1725.568,-13.263792,-12.594896,-4.178064,-728.0,-400.0,-720.0,0.0,0.0,0.0,0,sitting
-521.884,-664.328,539.94,0.0,0.0,740.0,-584.0,-760.0,0.0,11.92556,35.651344,37.5376,2010.72861062,584.0,760.0,740.0,-397.496,-682.384,1726.152,-61.263384,-13.811816,-10.039304,-916.0,-564.0,-604.0,0.0,0.0,0.0,0,sitting
-433.756,-820.948,76.996,0.0,0.0,876.0,-656.0,-1068.0,-244.0,63.554408,160.165192,272.336312,2024.59582909,656.0,1068.0,1120.0,310.196,-464.188,1331.7,-368.947096,-175.725528,48.616712,-1532.0,-708.0,-604.0,0.0,0.0,4.0,0,sitting
-370.988,-782.352,113.56,0.0,0.0,1008.0,-688.0,-1068.0,-228.0,62.606432,219.547712,364.664,2030.48787154,688.0,1068.0,1236.0,297.804,-524.924,1266.9,-521.60528,-207.72272,82.509856,-1616.0,-856.0,-520.0,0.0,0.0,2.0,0,sitting
-269.056,-414.704,716.332,88.0,60.0,1312.0,-772.0,-1472.0,0.0,136.968448,314.561056,345.788384,2033.54525261,860.0,1532.0,1312.0,-570.684,-861.98,1400.092,-523.380992,-168.195776,-105.74112,-1984.0,-640.0,-1080.0,2.0,2.0,0.0,0,sitting
-361.744,-465.144,748.94,0.0,0.0,956.0,-584.0,-1312.0,0.0,72.87024,168.125216,194.03192,2025.49012097,584.0,1312.0,956.0,-645.54,-852.34,1575.828,-289.286896,-98.776944,-46.963536,-1684.0,-228.0,-940.0,0.0,0.0,0.0,0,sitting
-237.336,-385.444,907.5,0.0,0.0,1032.0,-336.0,-492.0,0.0,18.435184,24.793912,20.521,2030.02758919,336.0,492.0,1032.0,-759.392,-1055.608,1530.28,-26.879728,-14.162272,-22.708096,-1188.0,-876.0,204.0,0.0,0.0,0.0,0,sitting
-206.592,-360.22,927.148,0.0,0.0,972.0,-244.0,-396.0,0.0,8.160768,6.31288,12.072824,2031.93779098,244.0,396.0,972.0,-773.52,-1080.776,1493.96,-10.224936,-13.920712,-2.400824,-1124.0,-820.0,332.0,0.0,0.0,0.0,0,sitting
-203.772,-358.608,927.824,0.0,0.0,968.0,-232.0,-384.0,0.0,7.88048,6.186496,11.12336,2030.91485268,232.0,384.0,968.0,-772.988,-1082.66,1490.204,-9.429376,-12.817344,-2.943616,-1120.0,-816.0,352.0,0.0,0.0,0.0,0,sitting
-188.576,-341.04,935.512,0.0,0.0,1124.0,-272.0,-500.0,0.0,15.14208,22.11648,19.865568,2028.12616196,272.0,500.0,1124.0,-783.048,-1087.976,1465.128,-26.839968,-12.891168,-17.392992,-1352.0,-896.0,352.0,0.0,0.0,0.0,0,sitting
-171.312,-334.012,941.904,0.0,0.0,1084.0,-212.0,-500.0,0.0,11.292032,14.527832,14.806848,2028.54851928,212.0,500.0,1084.0,-779.204,-1104.604,1447.228,-18.042648,-11.571048,-11.013016,-1372.0,-796.0,372.0,0.0,0.0,0.0,0,sitting
-164.272,-324.776,948.12,0.0,0.0,1028.0,-200.0,-384.0,0.0,9.277536,10.153536,12.13296,2031.50172314,200.0,384.0,1028.0,-787.616,-1108.624,1437.168,-13.00896,-11.25696,-7.298112,-1212.0,-844.0,444.0,0.0,0.0,0.0,0,sitting
-161.212,-322.652,949.184,0.0,0.0,992.0,-188.0,-348.0,0.0,7.815144,6.615488,11.596416,2030.96406509,188.0,348.0,992.0,-787.744,-1110.624,1433.048,-10.39676,-12.796072,-2.834216,-1152.0,-832.0,456.0,0.0,0.0,0.0,0,sitting
-159.52,-322.116,950.048,0.0,0.0,1024.0,-196.0,-364.0,0.0,9.5936,9.391248,13.220096,2031.79885698,196.0,364.0,1024.0,-787.452,-1112.644,1431.684,-13.017744,-13.422448,-5.764752,-1192.0,-856.0,464.0,0.0,0.0,0.0,0,sitting
-121.868,-272.92,962.664,24.0,8.0,1120.0,-264.0,-516.0,0.0,41.127856,73.44072,40.365936,2028.15412766,288.0,524.0,1120.0,-811.612,-1113.716,1357.452,-72.6788,-8.053072,-74.20264,-1356.0,-884.0,308.0,2.0,0.0,0.0,0,sitting
-123.732,-302.584,959.34,0.0,0.0,1000.0,-156.0,-328.0,0.0,8.533728,7.638304,11.93144,2027.19195248,156.0,328.0,1000.0,-780.488,-1138.192,1385.656,-11.036016,-12.826864,-4.240592,-1172.0,-828.0,516.0,0.0,0.0,0.0,0,sitting
-114.232,-300.064,960.188,0.0,0.0,1100.0,-228.0,-560.0,0.0,16.448976,26.827328,21.822464,2028.13436926,228.0,560.0,1100.0,-774.356,-1146.02,1374.484,-32.200816,-11.444112,-21.45384,-1432.0,-768.0,312.0,0.0,0.0,0.0,0,sitting
-28.588,-250.988,970.296,212.0,76.0,1116.0,-236.0,-840.0,0.0,42.728128,107.468592,44.994608,2033.86789681,448.0,916.0,1116.0,-747.896,-1192.696,1249.872,-109.735072,19.745856,-105.202112,-1584.0,-648.0,-248.0,17.0,4.0,0.0,0,sitting
-14.06,-251.996,984.136,24.0,0.0,1048.0,-52.0,-296.0,0.0,10.85632,13.852632,14.119344,2032.37922353,76.0,296.0,1048.0,-746.2,-1222.072,1250.192,-17.115656,-11.123032,-10.589608,-1268.0,-828.0,676.0,2.0,0.0,0.0,0,sitting
-14.032,-269.16,978.228,24.0,0.0,1040.0,-64.0,-404.0,0.0,9.212704,11.71552,14.192248,2029.77805974,88.0,404.0,1040.0,-723.1,-1233.356,1261.42,-16.695064,-11.689432,-6.735976,-1356.0,-724.0,548.0,2.0,0.0,0.0,0,sitting
-125.336,-205.484,969.624,16.0,72.0,1112.0,-488.0,-348.0,0.0,136.45136,89.33712,32.326032,2031.91952463,504.0,420.0,1112.0,-889.476,-1049.772,1300.444,14.788208,-79.440272,-193.462448,-1028.0,-1196.0,188.0,0.0,5.0,0.0,0,sitting
-350.252,-214.88,927.012,0.0,0.0,968.0,-396.0,-260.0,0.0,8.036944,8.86368,12.538752,2028.25478883,396.0,260.0,968.0,-1062.384,-791.64,1492.144,-13.365488,-11.712016,-4.361872,-832.0,-1104.0,312.0,0.0,0.0,0.0,0,sitting
-345.888,-196.584,932.02,0.0,0.0,980.0,-380.0,-240.0,0.0,8.985792,11.306928,12.3822,2027.11775526,380.0,240.0,980.0,-1081.324,-782.716,1474.492,-14.703336,-10.061064,-7.91052,-840.0,-1120.0,360.0,0.0,0.0,0.0,0,sitting
-346.328,-197.756,931.42,0.0,0.0,972.0,-380.0,-236.0,0.0,7.983664,6.98956,11.486,2026.58877138,380.0,236.0,972.0,-1079.992,-782.848,1475.504,-10.491896,-12.480104,-3.487224,-828.0,-1116.0,356.0,0.0,0.0,0.0,0,sitting
-345.02,-196.712,931.856,0.0,0.0,980.0,-376.0,-220.0,0.0,8.40152,6.544288,12.405824,2026.08695825,376.0,220.0,980.0,-1080.164,-783.548,1473.588,-10.548592,-14.263056,-2.539984,-824.0,-1136.0,384.0,0.0,0.0,0.0,0,sitting
-344.984,-195.176,932.128,0.0,0.0,972.0,-384.0,-224.0,0.0,7.774592,7.189696,11.419776,2025.96627734,384.0,224.0,972.0,-1081.936,-782.32,1472.288,-10.83488,-12.004672,-3.544512,-812.0,-1132.0,364.0,0.0,0.0,0.0,0,sitting
-344.228,-192.372,934.036,0.0,0.0,972.0,-372.0,-216.0,0.0,7.500376,6.198216,11.83892,2027.87191343,372.0,216.0,972.0,-1085.892,-782.18,1470.636,-10.53676,-13.14108,-1.859672,-816.0,-1128.0,384.0,0.0,0.0,0.0,0,sitting
-345.676,-196.368,932.688,0.0,0.0,972.0,-372.0,-228.0,0.0,7.727576,6.544864,11.273792,2027.89761992,372.0,228.0,972.0,-1081.996,-783.38,1474.732,-10.09108,-12.456504,-2.998648,-828.0,-1116.0,372.0,0.0,0.0,0.0,0,sitting
-182.768,-350.584,926.044,0.0,0.0,1096.0,-544.0,-532.0,0.0,65.012736,50.470768,36.6788,2033.06685764,544.0,532.0,1096.0,-758.228,-1093.86,1459.396,-22.136832,-51.220768,-78.804704,-1084.0,-1108.0,20.0,0.0,0.0,0.0,0,sitting
-138.744,-377.092,931.784,0.0,0.0,980.0,-184.0,-420.0,0.0,10.309872,10.529176,12.682144,2029.74469052,184.0,420.0,980.0,-693.436,-1170.132,1447.62,-12.901448,-12.46284,-8.156904,-1216.0,-744.0,376.0,0.0,0.0,0.0,0,sitting
-136.824,-377.74,932.744,0.0,0.0,980.0,-176.0,-412.0,0.0,10.119552,10.12436,12.97376,2031.45521438,176.0,412.0,980.0,-691.828,-1173.66,1447.308,-12.978568,-12.968952,-7.270152,-1216.0,-744.0,392.0,0.0,0.0,0.0,0,sitting
-136.504,-378.68,930.012,0.0,0.0,980.0,-180.0,-420.0,0.0,11.059408,9.87928,13.267424,2027.05259596,180.0,420.0,980.0,-687.836,-1172.188,1445.196,-12.087296,-14.447552,-7.671264,-1220.0,-740.0,380.0,0.0,0.0,0.0,0,sitting
-137.012,-380.424,931.216,0.0,0.0,972.0,-172.0,-412.0,0.0,10.010936,9.611728,12.713696,2030.65085462,172.0,412.0,972.0,-687.804,-1174.628,1448.652,-12.314488,-13.112904,-6.908968,-1212.0,-732.0,388.0,0.0,0.0,0.0,0,sitting
-134.94,-378.628,930.568,0.0,0.0,972.0,-168.0,-420.0,0.0,9.22924,10.116696,13.01264,2027.54744648,168.0,420.0,972.0,-686.88,-1174.256,1444.136,-13.900096,-12.125184,-6.333296,-1224.0,-720.0,384.0,0.0,0.0,0.0,0,sitting
-133.484,-374.764,931.624,0.0,0.0,980.0,-180.0,-408.0,0.0,9.474584,8.30144,12.29408,2026.24427873,180.0,408.0,980.0,-690.344,-1172.904,1439.872,-11.120936,-13.467224,-5.481944,-1208.0,-752.0,392.0,0.0,0.0,0.0,0,sitting
-135.116,-374.828,932.78,0.0,0.0,976.0,-172.0,-404.0,0.0,8.138632,7.053072,12.14056,2028.82728897,172.0,404.0,976.0,-693.068,-1172.492,1442.724,-11.055,-13.22612,-3.051144,-1208.0,-744.0,400.0,0.0,0.0,0.0,0,sitting
-132.036,-375.544,933.368,0.0,0.0,980.0,-172.0,-416.0,0.0,8.896752,8.531568,12.359344,2029.62430731,172.0,416.0,980.0,-689.86,-1176.876,1440.948,-11.99416,-12.724528,-5.068976,-1224.0,-736.0,392.0,0.0,0.0,0.0,0,sitting
-134.464,-379.064,931.68,0.0,0.0,972.0,-192.0,-412.0,0.0,10.30528,9.95352,12.8432,2029.8981533,192.0,412.0,972.0,-687.08,-1176.28,1445.208,-12.49144,-13.19496,-7.4156,-1192.0,-752.0,368.0,0.0,0.0,0.0,0,sitting
-133.076,-378.668,932.62,0.0,0.0,980.0,-184.0,-416.0,0.0,10.076512,9.299912,12.54092,2030.92910512,184.0,416.0,980.0,-687.028,-1178.212,1444.364,-11.76432,-13.31752,-6.835504,-1212.0,-748.0,380.0,0.0,0.0,0.0,0,sitting
-130.536,-378.832,933.612,0.0,0.0,984.0,-188.0,-408.0,0.0,9.933856,8.069728,12.474328,2032.14722187,188.0,408.0,984.0,-685.316,-1181.908,1442.98,-10.6102,-14.338456,-5.529256,-1204.0,-764.0,388.0,0.0,0.0,0.0,0,sitting
-139.388,-375.096,931.948,0.0,0.0,1140.0,-312.0,-688.0,0.0,27.939608,48.020704,34.160368,2035.94602078,312.0,688.0,1140.0,-696.24,-1167.656,1446.432,-54.241464,-14.079272,-41.799944,-1516.0,-764.0,140.0,0.0,0.0,0.0,0,sitting
-114.492,-337.356,949.332,24.0,52.0,1328.0,-356.0,-832.0,0.0,28.87372,39.39928,35.444176,2036.82704646,380.0,884.0,1328.0,-726.468,-1172.196,1401.18,-45.969736,-24.918616,-32.828824,-1832.0,-824.0,64.0,2.0,2.0,0.0,0,sitting
-102.792,-333.932,953.392,0.0,0.0,1036.0,-172.0,-404.0,0.0,10.597104,11.8846,13.290432,2031.24037431,172.0,404.0,1036.0,-722.252,-1184.532,1390.116,-14.577928,-12.002936,-9.191272,-1268.0,-804.0,460.0,0.0,0.0,0.0,0,sitting
-119.788,-349.016,944.964,0.0,0.0,1016.0,-184.0,-468.0,0.0,15.143024,28.165088,20.75724,2030.51134765,184.0,468.0,1016.0,-715.736,-1174.192,1413.768,-33.779304,-7.735176,-22.550872,-1300.0,-732.0,364.0,0.0,0.0,0.0,0,sitting
-245.832,-456.776,860.396,0.0,152.0,1080.0,-472.0,-744.0,0.0,57.1188,59.91288,52.254528,2026.6149212,472.0,896.0,1080.0,-649.452,-1071.34,1563.004,-55.048608,-49.460448,-64.777152,-1504.0,-656.0,-288.0,0.0,2.0,0.0,0,sitting
-253.672,-484.784,849.496,0.0,0.0,908.0,-296.0,-524.0,0.0,9.901504,8.20608,12.642928,2021.18824021,296.0,524.0,908.0,-618.384,-1080.608,1587.952,-10.947504,-14.338352,-5.464656,-1136.0,-680.0,88.0,0.0,0.0,0.0,0,sitting
-249.984,-484.84,850.792,0.0,0.0,900.0,-288.0,-516.0,0.0,8.415936,7.41408,12.822816,2021.4935774,288.0,516.0,900.0,-615.936,-1085.648,1585.616,-11.82096,-13.824672,-3.0072,-1128.0,-672.0,96.0,0.0,0.0,0.0,0,sitting
-252.056,-484.836,850.832,0.0,0.0,916.0,-292.0,-520.0,0.0,10.783168,9.577992,15.308448,2022.77383546,292.0,520.0,916.0,-618.052,-1083.612,1587.724,-14.103272,-16.513624,-5.052712,-1144.0,-688.0,104.0,0.0,0.0,0.0,0,sitting
-246.88,-482.412,853.192,0.0,0.0,920.0,-340.0,-648.0,0.0,11.61312,18.332328,13.009216,2022.63360679,340.0,648.0,920.0,-617.66,-1088.724,1582.484,-19.728424,-6.290008,-16.936232,-1228.0,-612.0,-68.0,0.0,0.0,0.0,0,sitting
-242.92,-480.052,854.444,0.0,0.0,932.0,-276.0,-532.0,0.0,8.44688,8.222504,13.735096,2019.71370134,276.0,532.0,932.0,-617.312,-1091.576,1577.416,-13.51072,-13.959472,-2.934288,-1188.0,-676.0,124.0,0.0,0.0,0.0,0,sitting
-242.176,-480.248,857.248,0.0,0.0,904.0,-280.0,-512.0,0.0,9.82752,8.417232,12.790464,2024.29617738,280.0,512.0,904.0,-619.176,-1095.32,1579.672,-11.380176,-14.200752,-5.454288,-1136.0,-672.0,112.0,0.0,0.0,0.0,0,sitting
-244.928,-483.032,853.74,0.0,0.0,900.0,-292.0,-520.0,0.0,10.596544,7.940528,13.37444,2022.36086145,292.0,520.0,900.0,-615.636,-1091.844,1581.7,-10.718424,-16.030456,-5.162632,-1128.0,-672.0,88.0,0.0,0.0,0.0,0,sitting
-242.56,-481.1,855.256,0.0,0.0,904.0,-272.0,-504.0,0.0,8.04512,6.3314,12.665104,2021.81743691,272.0,504.0,904.0,-616.716,-1093.796,1578.916,-10.951384,-14.378824,-1.711416,-1136.0,-672.0,128.0,0.0,0.0,0.0,0,sitting
-254.504,-443.692,865.708,0.0,24.0,1096.0,-364.0,-576.0,0.0,20.529088,71.894048,27.349656,2025.16062558,364.0,600.0,1096.0,-676.52,-1054.896,1563.904,-78.714616,24.015304,-65.07348,-1332.0,-860.0,132.0,0.0,2.0,0.0,0,sitting
-277.656,-322.328,903.764,0.0,36.0,1076.0,-404.0,-588.0,0.0,32.905392,140.288096,53.830616,2025.695099,404.0,624.0,1076.0,-859.092,-948.436,1503.748,-161.21332,53.552088,-119.362872,-1296.0,-856.0,48.0,0.0,0.0,0.0,0,sitting
-287.888,-438.364,866.604,0.0,0.0,908.0,-324.0,-464.0,0.0,7.847456,7.30944,12.73576,2026.12155995,324.0,464.0,908.0,-716.128,-1017.08,1592.856,-12.197744,-13.273776,-2.421136,-1048.0,-768.0,120.0,0.0,0.0,0.0,0,sitting
-260.74,-409.944,881.68,16.0,52.0,1208.0,-388.0,-816.0,0.0,43.0038,61.252144,35.34512,2027.0616386,404.0,868.0,1208.0,-732.476,-1030.884,1552.364,-53.593464,-17.096776,-68.910824,-1672.0,-744.0,-64.0,0.0,2.0,0.0,0,sitting
-246.892,-588.864,775.264,0.0,0.0,1056.0,-632.0,-1272.0,0.0,46.800392,86.15488,66.849984,2030.58309179,632.0,1272.0,1056.0,-433.292,-1117.236,1611.02,-106.204472,-27.495496,-66.105288,-1696.0,-416.0,-848.0,0.0,0.0,0.0,0,sitting
-248.884,-584.296,757.416,0.0,0.0,916.0,-364.0,-956.0,0.0,28.10164,108.1,120.682512,2018.20357335,364.0,956.0,916.0,-422.004,-1092.828,1590.596,-200.680872,-40.684152,-15.519128,-1508.0,-324.0,-404.0,0.0,0.0,0.0,0,sitting
-307.38,-840.168,461.28,0.0,0.0,700.0,-412.0,-1160.0,0.0,23.19748,36.581232,32.24768,2017.666241,412.0,1160.0,700.0,71.508,-994.068,1608.828,-45.631432,-18.863928,-27.531032,-1448.0,48.0,-872.0,0.0,0.0,0.0,0,sitting
-306.596,-840.152,464.292,0.0,0.0,516.0,-344.0,-868.0,0.0,7.676848,7.090544,12.781288,2015.64903903,344.0,868.0,516.0,69.264,-997.848,1611.04,-12.194984,-13.367592,-1.986104,-1040.0,8.0,-696.0,0.0,0.0,0.0,0,sitting
-196.144,-904.224,333.912,368.0,0.0,512.0,-344.0,-1348.0,-188.0,134.125888,82.548544,141.756416,2025.19709546,712.0,1348.0,700.0,374.168,-1041.992,1434.28,-90.179072,-193.33376,-74.918016,-1336.0,-64.0,-1360.0,11.0,0.0,14.0,0,sitting
85.196,-876.912,450.776,284.0,0.0,616.0,-216.0,-1176.0,0.0,89.886928,68.634016,118.030592,2010.43059094,500.0,1176.0,616.0,511.332,-1412.884,1242.492,-96.77768,-139.283504,-40.490352,-1292.0,60.0,-1060.0,9.0,0.0,0.0,0,sitting
158.576,-828.156,549.852,220.0,0.0,656.0,0.0,-904.0,0.0,12.355136,11.518608,16.0566,2013.94713351,220.0,904.0,656.0,436.88,-1536.584,1219.432,-15.220072,-16.893128,-7.817144,-1340.0,28.0,-468.0,0.0,0.0,0.0,0,sitting
163.7,-821.828,557.084,212.0,0.0,624.0,0.0,-868.0,0.0,12.3038,15.024128,15.873528,2013.09700049,212.0,868.0,624.0,428.444,-1542.612,1215.212,-18.593856,-13.1532,-11.4544,-1280.0,32.0,-456.0,0.0,0.0,0.0,0,sitting
171.42,-809.312,570.944,224.0,0.0,624.0,0.0,-896.0,0.0,12.9312,12.474368,14.518016,2010.85761556,224.0,896.0,624.0,409.788,-1551.676,1208.836,-14.061184,-14.974848,-10.887552,-1296.0,48.0,-496.0,0.0,0.0,0.0,0,sitting
-99.42,-625.012,668.264,220.0,28.0,1028.0,-544.0,-1212.0,0.0,269.80724,248.06184,155.81016,2023.08976681,764.0,1240.0,1028.0,-142.672,-1193.856,1392.696,-134.06476,-177.55556,-362.05892,-1504.0,-552.0,-976.0,1.0,2.0,0.0,0,sitting
-409.704,-353.048,854.804,0.0,0.0,908.0,-460.0,-416.0,0.0,12.623424,10.448624,13.897288,2023.54473515,460.0,416.0,908.0,-911.46,-798.148,1617.556,-11.722488,-16.072088,-9.17476,-864.0,-952.0,32.0,0.0,0.0,0.0,0,sitting
-401.38,-356.404,858.564,0.0,0.0,908.0,-452.0,-400.0,0.0,10.31408,8.131104,13.858976,2025.44014465,452.0,400.0,908.0,-903.54,-813.588,1616.348,-11.676,-16.041952,-4.586208,-856.0,-960.0,56.0,0.0,0.0,0.0,0,sitting
-398.488,-361.708,858.184,0.0,0.0,920.0,-460.0,-408.0,0.0,11.847808,8.602568,14.522064,2026.31895248,460.0,408.0,920.0,-894.964,-821.404,1618.38,-11.276824,-17.767304,-5.928312,-868.0,-972.0,52.0,0.0,0.0,0.0,0,sitting
-393.68,-359.912,859.932,0.0,0.0,928.0,-444.0,-396.0,0.0,13.32128,9.568624,14.545576,2024.29803528,444.0,396.0,928.0,-893.7,-826.164,1613.524,-10.79292,-18.298232,-8.344328,-880.0,-976.0,88.0,0.0,0.0,0.0,0,sitting
-390.704,-362.368,860.312,0.0,0.0,912.0,-444.0,-396.0,0.0,10.511552,8.534016,13.957952,2024.2313642,444.0,396.0,912.0,-888.648,-831.976,1613.384,-11.980416,-15.935488,-5.087616,-864.0,-960.0,72.0,0.0,0.0,0.0,0,sitting
-392.572,-367.552,857.84,0.0,0.0,908.0,-444.0,-404.0,0.0,10.96864,8.355008,13.16688,2025.31326935,444.0,404.0,908.0,-882.86,-832.82,1617.964,-10.553248,-15.780512,-6.156768,-868.0,-948.0,60.0,0.0,0.0,0.0,0,sitting
-404.152,-376.136,847.792,0.0,0.0,932.0,-544.0,-484.0,0.0,17.340976,17.275696,17.400736,2024.67933305,544.0,484.0,932.0,-875.808,-819.776,1628.08,-17.335456,-17.466016,-17.215936,-872.0,-992.0,-96.0,0.0,0.0,0.0,0,sitting
-404.136,-381.288,845.528,0.0,0.0,900.0,-440.0,-436.0,0.0,10.58552,9.075376,14.04656,2023.86207343,440.0,436.0,900.0,-868.376,-822.68,1630.952,-12.536416,-15.556704,-5.614336,-896.0,-904.0,24.0,0.0,0.0,0.0,0,sitting
-402.436,-387.368,845.236,0.0,0.0,892.0,-444.0,-424.0,0.0,10.224816,8.408464,13.15816,2026.57386627,444.0,424.0,892.0,-860.304,-830.168,1635.04,-11.341808,-14.974512,-5.47512,-872.0,-912.0,24.0,0.0,0.0,0.0,0,sitting
-402.404,-388.332,842.384,0.0,0.0,900.0,-452.0,-436.0,0.0,12.282184,9.541832,14.702464,2022.65778207,452.0,436.0,900.0,-856.456,-828.312,1633.12,-11.962112,-17.442816,-7.121552,-884.0,-916.0,12.0,0.0,0.0,0.0,0,sitting
-404.592,-601.376,664.836,0.0,0.0,884.0,-544.0,-940.0,0.0,26.234304,164.69792,138.072912,2019.10936293,544.0,940.0,884.0,-468.052,-861.62,1670.804,-276.536528,0.390704000003,-52.859312,-1280.0,-488.0,-600.0,0.0,0.0,0.0,0,sitting
-399.388,-756.592,529.996,0.0,0.0,720.0,-580.0,-936.0,0.0,38.695848,33.314912,42.155888,2018.96369606,580.0,936.0,720.0,-172.792,-887.2,1685.976,-36.774952,-47.536824,-29.854872,-1076.0,-364.0,-796.0,0.0,0.0,0.0,0,sitting
-397.988,-758.78,527.0,0.0,0.0,592.0,-456.0,-800.0,0.0,14.119784,10.36412,17.542,2012.51803507,456.0,800.0,592.0,-166.208,-887.792,1683.768,-13.786336,-21.297664,-6.941904,-936.0,-248.0,-664.0,0.0,0.0,0.0,0,sitting
-399.12,-757.66,528.288,0.0,0.0,568.0,-440.0,-780.0,0.0,9.29184,6.81788,12.180736,2012.66643349,440.0,780.0,568.0,-169.748,-886.828,1685.068,-9.706776,-14.654696,-3.928984,-908.0,-228.0,-652.0,0.0,0.0,0.0,0,sitting
-414.216,-756.256,517.172,0.0,0.0,656.0,-564.0,-936.0,0.0,19.355872,16.815232,21.736688,2012.47740962,564.0,936.0,656.0,-175.132,-859.212,1687.644,-19.196048,-24.277328,-14.434416,-1028.0,-284.0,-844.0,0.0,0.0,0.0,0,sitting
-408.724,-756.384,520.368,0.0,0.0,700.0,-640.0,-924.0,0.0,31.705104,22.794944,34.774432,2014.76263794,640.0,924.0,700.0,-172.708,-868.028,1685.476,-25.864272,-43.684592,-19.725616,-984.0,-416.0,-864.0,0.0,0.0,0.0,0,sitting
-401.184,-828.08,407.852,0.0,0.0,616.0,-552.0,-980.0,0.0,20.487168,24.56176,26.35364,2015.16024324,552.0,980.0,616.0,19.044,-834.748,1637.116,-30.428232,-22.279048,-18.695288,-1044.0,-188.0,-916.0,0.0,0.0,0.0,0,sitting
-395.092,-840.252,389.236,0.0,0.0,468.0,-428.0,-884.0,0.0,9.185008,7.49736,12.71016,2013.86776852,428.0,884.0,468.0,55.924,-834.396,1624.58,-11.022512,-14.397808,-3.972208,-924.0,-12.0,-844.0,0.0,0.0,0.0,0,sitting
-427.64,-846.628,336.54,0.0,0.0,520.0,-504.0,-1000.0,0.0,18.16608,28.1286,31.12864,2015.88241264,504.0,1000.0,520.0,82.448,-755.528,1610.808,-41.09116,-21.16612,-15.16604,-1016.0,-24.0,-984.0,0.0,0.0,0.0,0,sitting
-421.852,-849.336,336.364,0.0,0.0,396.0,-452.0,-880.0,0.0,8.743704,7.8428,14.261488,2012.77556118,452.0,880.0,396.0,91.12,-763.848,1607.552,-13.360584,-15.162392,-2.325016,-824.0,32.0,-936.0,0.0,0.0,0.0,0,sitting
-422.984,-849.292,339.228,0.0,0.0,380.0,-452.0,-876.0,0.0,7.75912,6.512528,12.61032,2015.47792041,452.0,876.0,380.0,87.08,-765.536,1611.504,-11.363728,-13.856912,-1.661328,-804.0,44.0,-948.0,0.0,0.0,0.0,0,sitting
-422.832,-848.332,341.64,0.0,0.0,396.0,-460.0,-888.0,0.0,9.856704,8.362448,14.35648,2015.51005484,460.0,888.0,396.0,83.86,-767.14,1612.804,-12.862224,-15.850736,-3.862672,-824.0,32.0,-952.0,0.0,0.0,0.0,0,sitting
-418.36,-848.704,345.796,0.0,0.0,392.0,-448.0,-884.0,0.0,8.26008,7.100416,14.041712,2015.18486425,448.0,884.0,392.0,84.548,-776.14,1612.86,-12.882048,-15.201376,-1.318784,-828.0,44.0,-940.0,0.0,0.0,0.0,0,sitting
-419.212,-847.072,346.48,0.0,0.0,404.0,-460.0,-888.0,0.0,9.646552,9.332544,17.34576,2013.75793915,460.0,888.0,404.0,81.38,-774.34,1612.764,-17.031752,-17.659768,-1.633336,-832.0,24.0,-944.0,0.0,0.0,0.0,0,sitting
-416.668,-848.284,347.028,0.0,0.0,396.0,-460.0,-880.0,0.0,9.14948,8.742696,15.2926,2013.9505546,460.0,880.0,396.0,84.588,-778.644,1611.98,-14.885816,-15.699384,-2.599576,-816.0,24.0,-944.0,0.0,0.0,0.0,0,sitting
-476.144,-740.544,439.6,0.0,24.0,1264.0,-832.0,-1256.0,0.0,79.293728,142.309888,105.0848,2023.86012523,832.0,1280.0,1264.0,-175.2,-704.0,1656.288,-168.10096,-42.06864,-116.518816,-1712.0,-816.0,-848.0,0.0,2.0,0.0,0,sitting
-520.856,-679.672,524.512,0.0,0.0,596.0,-608.0,-764.0,0.0,14.389008,13.738896,17.089472,2009.13361301,608.0,764.0,596.0,-365.696,-683.328,1725.04,-16.43936,-17.739584,-11.038432,-752.0,-440.0,-776.0,0.0,0.0,0.0,0,sitting
-457.332,-325.504,751.272,0.0,148.0,1116.0,-880.0,-868.0,0.0,102.366568,270.853376,208.131728,2026.88799833,880.0,1016.0,1116.0,-883.1,-619.444,1534.108,-376.618536,-39.64492,-165.088216,-1252.0,-980.0,-780.0,0.0,5.0,0.0,0,sitting
-348.696,-72.988,947.84,0.0,0.0,988.0,-380.0,-96.0,0.0,8.512032,7.631376,11.99296,2025.35169978,380.0,96.0,988.0,-1223.548,-672.132,1369.524,-11.112304,-12.873616,-4.150448,-704.0,-1272.0,512.0,0.0,0.0,0.0,0,sitting
-350.94,-65.208,946.46,0.0,0.0,988.0,-412.0,-108.0,0.0,10.22452,10.64768,11.81756,2023.38960776,412.0,108.0,988.0,-1232.192,-660.728,1362.608,-12.24072,-11.3944,-9.05464,-684.0,-1292.0,468.0,0.0,0.0,0.0,0,sitting
-366.556,-73.068,942.288,0.0,0.0,976.0,-444.0,-116.0,0.0,11.988432,11.572584,11.283328,2027.86847842,444.0,116.0,976.0,-1235.776,-648.8,1381.912,-10.86748,-11.699176,-12.277688,-648.0,-1304.0,416.0,0.0,0.0,0.0,0,sitting
-536.268,-199.74,702.48,0.0,0.0,1088.0,-1076.0,-556.0,-24.0,254.42032,91.37768,293.612,2021.26279157,1076.0,556.0,1112.0,-1039.008,-365.952,1438.488,-130.56936,-456.65464,-52.186,-592.0,-1632.0,-520.0,0.0,0.0,1.0,0,sitting
-907.404,-159.136,303.76,0.0,240.0,608.0,-1048.0,-456.0,-64.0,52.180208,140.843136,187.78704,2008.43358178,1048.0,696.0,672.0,-1052.028,444.508,1370.3,-276.449968,-99.124112,-5.236304,-320.0,-1024.0,-1072.0,0.0,5.0,14.0,0,sitting
-828.148,7.04,560.936,0.0,96.0,700.0,-900.0,-120.0,0.0,16.792152,18.5488,29.342448,2002.89667575,900.0,216.0,700.0,-1396.124,274.252,1382.044,-31.099096,-27.5858,-5.998504,-16.0,-1384.0,-416.0,0.0,31.0,0.0,0,sitting
-707.472,14.604,663.14,0.0,336.0,1084.0,-1016.0,-1112.0,0.0,117.612544,151.195688,110.71296,2019.73117524,1016.0,1448.0,1084.0,-1385.216,58.936,1356.008,-144.296104,-77.129816,-158.095272,-1516.0,-652.0,-1380.0,0.0,9.0,0.0,0,sitting
-452.856,-298.94,834.116,0.0,0.0,936.0,-588.0,-752.0,0.0,32.931072,121.19716,77.884784,2024.68564871,588.0,752.0,936.0,-988.032,-680.2,1585.912,-166.150872,10.381304,-76.243448,-1100.0,-772.0,-404.0,0.0,0.0,0.0,0,sitting
-441.652,-309.996,856.668,0.0,0.0,912.0,-480.0,-372.0,0.0,12.528528,19.491744,14.252128,2025.78230512,480.0,372.0,912.0,-988.324,-725.012,1608.316,-21.215344,-7.288912,-17.768144,-804.0,-1020.0,60.0,0.0,0.0,0.0,0,sitting
-467.368,-448.008,761.588,0.0,0.0,888.0,-556.0,-664.0,0.0,26.606656,104.489808,86.725232,2020.73182579,556.0,664.0,888.0,-780.948,-742.228,1676.964,-164.608384,-8.84208,-44.371232,-996.0,-780.0,-332.0,0.0,0.0,0.0,0,sitting
-495.344,-570.58,665.152,0.0,0.0,724.0,-544.0,-624.0,0.0,12.090624,12.29952,17.97856,2014.08491331,544.0,624.0,724.0,-589.916,-740.388,1731.076,-18.187456,-17.769664,-6.411584,-804.0,-644.0,-444.0,0.0,0.0,0.0,0,sitting
-485.404,-495.9,730.404,0.0,0.0,808.0,-536.0,-588.0,0.0,12.129032,37.5278,30.85128,2018.39427051,536.0,588.0,808.0,-719.908,-740.9,1711.708,-56.250048,-5.452512,-18.805552,-860.0,-756.0,-316.0,0.0,0.0,0.0,0,sitting
-485.916,-464.36,752.492,0.0,0.0,820.0,-532.0,-512.0,0.0,10.764472,14.8396,15.190912,2018.61263908,532.0,512.0,820.0,-774.048,-730.936,1702.768,-19.26604,-11.115784,-10.41316,-800.0,-840.0,-224.0,0.0,0.0,0.0,0,sitting
-465.668,-411.672,799.128,0.0,0.0,856.0,-512.0,-484.0,0.0,10.27004,20.32616,16.192528,2025.70727858,512.0,484.0,856.0,-853.124,-745.132,1676.468,-26.248648,-6.136408,-14.403672,-828.0,-884.0,-140.0,0.0,0.0,0.0,0,sitting
-495.764,-390.568,788.896,0.0,0.0,844.0,-560.0,-444.0,0.0,31.0916,18.542224,16.90784,2022.43183692,560.0,444.0,844.0,-894.092,-683.7,1675.228,-4.358464,-29.457216,-32.725984,-728.0,-960.0,-160.0,0.0,0.0,0.0,0,sitting
-515.176,-394.256,774.912,0.0,0.0,820.0,-552.0,-428.0,0.0,8.710384,7.813344,11.90816,2021.47026655,552.0,428.0,820.0,-895.832,-653.992,1684.344,-11.01112,-12.8052,-4.615568,-696.0,-944.0,-160.0,0.0,0.0,0.0,0,sitting
-484.88,-369.356,803.408,0.0,0.0,912.0,-548.0,-448.0,0.0,34.35536,37.894696,37.200096,2021.67004635,548.0,448.0,912.0,-918.932,-687.884,1657.644,-40.739432,-33.66076,-35.04996,-812.0,-1012.0,-84.0,0.0,0.0,0.0,0,sitting
-453.896,-347.096,834.132,0.0,0.0,880.0,-488.0,-384.0,0.0,9.436208,12.328864,13.986984,2022.57123437,488.0,384.0,880.0,-940.932,-727.332,1635.124,-16.87964,-11.094328,-7.778088,-776.0,-984.0,8.0,0.0,0.0,0.0,0,sitting
-432.696,-395.616,823.824,0.0,0.0,896.0,-488.0,-504.0,0.0,15.16072,20.23424,15.169952,2023.49152908,488.0,504.0,896.0,-860.904,-786.744,1652.136,-20.243472,-10.096432,-20.225008,-912.0,-880.0,-96.0,0.0,0.0,0.0,0,sitting
-441.044,-388.636,823.164,0.0,0.0,900.0,-516.0,-436.0,0.0,12.198792,20.28664,16.080888,2024.20941667,516.0,436.0,900.0,-875.572,-770.756,1652.844,-24.168736,-7.99304,-16.404544,-820.0,-980.0,-52.0,0.0,0.0,0.0,0,sitting
-442.356,-336.348,841.396,0.0,0.0,932.0,-512.0,-444.0,0.0,26.515016,41.456536,29.298656,2021.36634243,512.0,444.0,932.0,-947.404,-735.388,1620.1,-44.240176,-14.357136,-38.672896,-864.0,-1000.0,-24.0,0.0,0.0,0.0,0,sitting
-337.38,-171.576,925.9,0.0,192.0,1288.0,-740.0,-1168.0,0.0,92.01852,117.824848,70.6672,2041.45730457,740.0,1360.0,1288.0,-1091.704,-760.096,1434.856,-96.473528,-44.860872,-139.176168,-1908.0,-668.0,-812.0,0.0,14.0,0.0,0,sitting
-422.64,-143.26,908.24,0.0,32.0,1232.0,-520.0,-456.0,0.0,38.30336,30.3334,25.91856,2029.65134824,520.0,488.0,1232.0,-1187.62,-628.86,1474.14,-17.9486,-33.88852,-42.7182,-1200.0,-1264.0,224.0,0.0,1.0,0.0,0,sitting
-361.64,-114.388,938.34,0.0,0.0,996.0,-460.0,-168.0,0.0,28.996,17.551824,16.52444,2026.12678875,460.0,168.0,996.0,-1185.592,-691.088,1414.368,-5.080264,-27.968616,-30.023384,-704.0,-1288.0,368.0,0.0,0.0,0.0,0,sitting
-337.572,-115.316,947.776,0.0,0.0,996.0,-368.0,-148.0,0.0,9.0666,11.540296,11.319744,2025.69380119,368.0,148.0,996.0,-1170.032,-725.52,1400.664,-13.79344,-8.846048,-9.287152,-776.0,-1216.0,480.0,0.0,0.0,0.0,0,sitting
-341.452,-134.22,943.276,0.0,0.0,984.0,-380.0,-176.0,0.0,8.799392,8.86344,11.765232,2024.48349057,380.0,176.0,984.0,-1150.508,-736.044,1418.948,-11.82928,-11.701184,-5.8976,-780.0,-1188.0,428.0,0.0,0.0,0.0,0,sitting
-351.672,-146.092,939.02,0.0,0.0,980.0,-388.0,-176.0,0.0,10.447616,8.335448,12.04452,2026.86441337,388.0,176.0,980.0,-1144.6,-733.44,1436.784,-9.932352,-14.156688,-6.738544,-768.0,-1192.0,416.0,0.0,0.0,0.0,0,sitting
-351.784,-152.084,937.472,0.0,0.0,984.0,-400.0,-192.0,0.0,9.839104,9.46924,11.626048,2025.88229975,400.0,192.0,984.0,-1137.172,-737.772,1441.34,-11.256184,-11.995912,-7.682296,-776.0,-1192.0,392.0,0.0,0.0,0.0,0,sitting
-404.932,-135.688,916.916,0.0,0.0,980.0,-472.0,-184.0,0.0,25.32392,16.089744,17.345984,2024.56609317,472.0,184.0,980.0,-1186.16,-647.672,1457.536,-8.111808,-26.58016,-24.06768,-692.0,-1268.0,324.0,0.0,0.0,0.0,0,sitting
-371.476,-142.948,931.604,0.0,0.0,976.0,-424.0,-200.0,0.0,22.100624,19.69408,13.882808,2027.48225442,424.0,200.0,976.0,-1160.132,-703.076,1446.028,-11.476264,-16.289352,-27.911896,-752.0,-1200.0,352.0,0.0,0.0,0.0,0,sitting
-341.0,-162.144,941.504,0.0,0.0,980.0,-432.0,-208.0,0.0,10.704,11.739328,12.420032,2029.245998,432.0,208.0,980.0,-1120.36,-762.648,1444.648,-13.45536,-11.384704,-10.023296,-756.0,-1204.0,340.0,0.0,0.0,0.0,0,sitting
-326.536,-136.764,948.868,0.0,0.0,996.0,-388.0,-328.0,0.0,16.856416,24.158152,14.225208,2027.47250725,388.0,328.0,996.0,-1138.64,-759.096,1412.168,-21.526944,-6.923472,-26.78936,-936.0,-1056.0,280.0,0.0,0.0,0.0,0,sitting
-352.508,-169.46,933.904,0.0,0.0,984.0,-416.0,-260.0,0.0,11.691624,14.92096,12.011776,2025.62013394,416.0,260.0,984.0,-1116.952,-750.856,1455.872,-15.241112,-8.78244,-14.600808,-828.0,-1140.0,308.0,0.0,0.0,0.0,0,sitting
-317.92,-275.224,889.536,152.0,0.0,1112.0,-712.0,-736.0,0.0,114.44928,160.617712,87.838912,2035.82162689,864.0,736.0,1112.0,-932.232,-846.84,1482.68,-134.007344,-41.67048,-187.22808,-984.0,-1240.0,-488.0,4.0,0.0,0.0,0,sitting
-197.968,-246.764,931.612,80.0,368.0,1176.0,-452.0,-808.0,0.0,95.666528,175.632048,68.952416,2029.86179051,532.0,1176.0,1176.0,-882.816,-980.408,1376.344,-148.917936,11.013104,-202.34616,-1820.0,-532.0,-532.0,5.0,14.0,0.0,0,sitting
-349.264,-127.924,943.584,0.0,0.0,988.0,-428.0,-216.0,0.0,24.185248,15.8756,12.93312,2029.75929025,428.0,216.0,988.0,-1164.924,-722.244,1420.772,-4.623472,-21.242768,-27.127728,-776.0,-1200.0,344.0,0.0,0.0,0.0,0,sitting
-348.932,-95.348,944.1,0.0,16.0,988.0,-412.0,-156.0,0.0,12.980464,25.848512,12.0358,2023.23323214,412.0,172.0,988.0,-1197.684,-690.516,1388.38,-24.903848,0.832248,-26.793176,-748.0,-1228.0,404.0,0.0,0.0,0.0,0,sitting
-609.624,-137.472,551.832,0.0,392.0,1224.0,-1128.0,-468.0,-292.0,270.2288,58.245824,467.058272,2026.04141268,1128.0,860.0,1516.0,-1023.984,-79.68,1298.928,-255.075296,-679.041248,138.583648,-1248.0,-1784.0,-472.0,0.0,7.0,9.0,0,sitting
-985.852,-143.608,-92.64,0.0,0.0,20.0,-1060.0,-236.0,-196.0,16.56948,25.068544,36.60832,2003.99510626,1060.0,236.0,216.0,-749.604,934.884,1036.82,-45.107384,-28.109256,-5.029704,608.0,-1040.0,-1080.0,0.0,0.0,0.0,0,sitting
-990.352,-133.268,-74.34,0.0,0.0,20.0,-1040.0,-244.0,-244.0,8.699808,21.505072,22.41324,2005.66157516,1040.0,244.0,264.0,-782.744,931.424,1049.28,-35.218504,-9.607976,-7.79164,532.0,-1060.0,-1020.0,0.0,0.0,0.0,0,sitting
-993.14,-111.332,-79.836,0.0,0.0,0.0,-1024.0,-160.0,-140.0,7.95244,9.145456,12.825448,2005.41843799,1024.0,160.0,140.0,-801.972,961.644,1024.636,-14.018464,-11.632432,-4.272448,724.0,-1004.0,-1044.0,0.0,0.0,0.0,0,sitting
-915.38,-162.652,202.192,0.0,20.0,588.0,-1020.0,-572.0,-308.0,52.67408,112.269576,277.610848,2010.46340333,1020.0,592.0,896.0,-954.92,550.536,1280.224,-337.206344,-218.015352,112.667192,-468.0,-1324.0,-716.0,0.0,0.0,3.0,0,sitting
-812.5,46.384,575.288,0.0,168.0,720.0,-904.0,-64.0,0.0,31.668,53.130496,38.581568,1999.48676474,904.0,232.0,720.0,-1434.172,283.596,1341.404,-60.044064,-17.119072,-46.216928,-48.0,-1392.0,-416.0,0.0,5.0,0.0,0,sitting
-846.276,-35.552,522.12,0.0,84.0,760.0,-1040.0,-796.0,0.0,26.728776,54.944064,38.20848,2009.4452431,1040.0,880.0,760.0,-1332.844,288.604,1403.948,-66.423768,-9.993192,-43.46436,-600.0,-920.0,-1160.0,0.0,6.0,0.0,0,sitting
-390.984,-142.216,923.604,0.0,20.0,1080.0,-604.0,-376.0,0.0,34.183232,30.902576,24.966136,2031.30266091,604.0,396.0,1080.0,-1172.372,-674.836,1456.804,-21.68548,-28.246792,-40.119672,-872.0,-1288.0,80.0,0.0,0.0,0.0,0,sitting
-372.296,-62.86,927.38,0.0,320.0,1324.0,-512.0,-368.0,0.0,51.459488,75.9536,53.25088,2023.90793577,512.0,688.0,1324.0,-1236.816,-617.944,1362.536,-77.744992,-28.756768,-74.162208,-1500.0,-1148.0,124.0,0.0,3.0,0.0,0,sitting
